# iteration relative_error 
  0,1 
  1,0.337299 
  2,0.247062 
  3,0.197178 
  4,0.164723 
  5,0.141919 
  6,0.125615 
  7,0.111128 
  8,0.100569 
  9,0.0917978 
  10,0.0843916 
  11,0.0770664 
  12,0.0716791 
  13,0.0669804 
  14,0.0628595 
  15,0.0592098 
  16,0.0559616 
  17,0.0530443 
  18,0.0497513 
  19,0.0474043 
  20,0.0452671 
  21,0.0433168 
  22,0.0415258 
  23,0.0398788 
  24,0.0383587 
  25,0.0369501 
  26,0.0356417 
  27,0.0339546 
  28,0.0328331 
  29,0.0317841 
  30,0.0307999 
  31,0.0298758 
  32,0.029006 
  33,0.0281868 
  34,0.0274124 
  35,0.02668 
  36,0.0259867 
  37,0.0253277 
  38,0.0247021 
  39,0.024106 
  40,0.0235395 
  41,0.0226784 
  42,0.0221701 
  43,0.0216846 
  44,0.0212193 
  45,0.0207748 
  46,0.0203485 
  47,0.0199394 
  48,0.0195465 
  49,0.0191698 
  50,0.0188065 
  51,0.0184574 
  52,0.0181208 
  53,0.0177975 
  54,0.0174837 
  55,0.0171824 
  56,0.0168915 
  57,0.0166101 
  58,0.0163383 
  59,0.0160751 
  60,0.0158205 
  61,0.0155735 
  62,0.0153351 
  63,0.0151033 
  64,0.0146646 
  65,0.0146608 
  66,0.0142412 
  67,0.014039 
  68,0.0138416 
  69,0.0136509 
  70,0.0134649 
  71,0.0132837 
  72,0.0131083 
  73,0.0129366 
  74,0.0127697 
  75,0.0126076 
  76,0.0124493 
  77,0.0122948 
  78,0.0121441 
  79,0.0119972 
  80,0.0118532 
  81,0.011714 
  82,0.0115776 
  83,0.0114441 
  84,0.0113134 
  85,0.0111866 
  86,0.0110617 
  87,0.0109406 
  88,0.0108213 
  89,0.010705 
  90,0.0105906 
  91,0.0104799 
  92,0.0103703 
  93,0.0102634 
  94,0.0101585 
  95,0.0100565 
  96,0.00995636 
  97,0.00985813 
  98,0.00976086 
  99,0.00966644 
  100,0.00957394 
  101,0.00948334 
  102,0.00939369 
  103,0.00930595 
  104,0.00922012 
  105,0.0091362 
  106,0.00905323 
  107,0.00897217 
  108,0.00889206 
  109,0.00881386 
  110,0.00860786 
  111,0.00853252 
  112,0.00846004 
  113,0.0085144 
  114,0.00831699 
  115,0.00837135 
  116,0.00817966 
  117,0.00811195 
  118,0.00804615 
  119,0.0079813 
  120,0.0079174 
  121,0.00785446 
  122,0.00779247 
  123,0.00773144 
  124,0.00767136 
  125,0.00761223 
  126,0.00755405 
  127,0.00749683 
  128,0.00744057 
  129,0.0073843 
  130,0.00732994 
  131,0.00727654 
  132,0.00722313 
  133,0.00717068 
  134,0.00711918 
  135,0.00706863 
  136,0.00701809 
  137,0.00696945 
  138,0.00692081 
  139,0.00687218 
  140,0.00682545 
  141,0.00677872 
  142,0.00673199 
  143,0.00668716 
  144,0.00664234 
  145,0.00659752 
  146,0.0065546 
  147,0.00651169 
  148,0.00646877 
  149,0.00642681 
  150,0.0063858 
  151,0.0063448 
  152,0.00630474 
  153,0.00626469 
  154,0.00622559 
  155,0.00618649 
  156,0.00614834 
  157,0.00611115 
  158,0.00607395 
  159,0.00603676 
  160,0.00600052 
  161,0.00596428 
  162,0.00592899 
  163,0.00589371 
  164,0.00585842 
  165,0.00582409 
  166,0.00579071 
  167,0.00575733 
  168,0.00572395 
  169,0.00569153 
  170,0.0056591 
  171,0.00562668 
  172,0.00559521 
  173,0.00556374 
  174,0.00553322 
  175,0.0055027 
  176,0.00547218 
  177,0.00544262 
  178,0.00541306 
  179,0.00538349 
  180,0.00535488 
  181,0.00532627 
  182,0.00529766 
  183,0.00527 
  184,0.00524235 
  185,0.00521469 
  186,0.00518799 
  187,0.00516033 
  188,0.00513458 
  189,0.00510788 
  190,0.00508213 
  191,0.00505638 
  192,0.00503063 
  193,0.00500584 
  194,0.00498009 
  195,0.00495529 
  196,0.00493145 
  197,0.00490665 
  198,0.00488281 
  199,0.00485897 
  200,0.00483513 
  201,0.00481224 
  202,0.00478935 
  203,0.00476646 
  204,0.00474358 
  205,0.00472164 
  206,0.00469875 
  207,0.00467682 
  208,0.00465488 
  209,0.0046339 
  210,0.00461197 
  211,0.00459099 
  212,0.00457001 
  213,0.00454903 
  214,0.004529 
  215,0.00450802 
  216,0.00441933 
  217,0.00446796 
  218,0.00438023 
  219,0.00436115 
  220,0.00440884 
  221,0.00432301 
  222,0.00430393 
  223,0.00435162 
  224,0.00426674 
  225,0.00424767 
  226,0.00429535 
  227,0.00427723 
  228,0.00419331 
  229,0.00424099 
  230,0.00422287 
  231,0.00414085 
  232,0.00412369 
  233,0.00410652 
  234,0.0041523 
  235,0.00407219 
  236,0.00405598 
  237,0.00410175 
  238,0.0040226 
  239,0.00400639 
  240,0.00399017 
  241,0.00397396 
  242,0.00395775 
  243,0.00394249 
  244,0.00392628 
  245,0.00391102 
  246,0.00389576 
  247,0.0038805 
  248,0.00386524 
  249,0.00384998 
  250,0.00383472 
  251,0.00382042 
  252,0.00380516 
  253,0.00379086 
  254,0.00377655 
  255,0.00376225 
  256,0.00374794 
  257,0.00373363 
  258,0.00371933 
  259,0.00370502 
  260,0.00369167 
  261,0.00367737 
  262,0.00366402 
  263,0.00365067 
  264,0.00363731 
  265,0.00362396 
  266,0.00361061 
  267,0.00359726 
  268,0.00358391 
  269,0.00357151 
  270,0.00355816 
  271,0.00354576 
  272,0.00353336 
  273,0.00352001 
  274,0.00350761 
  275,0.00349522 
  276,0.00348282 
  277,0.00347137 
  278,0.00345898 
  279,0.00344658 
  280,0.00343513 
  281,0.00342274 
  282,0.00341129 
  283,0.0033989 
  284,0.00338745 
  285,0.00337601 
  286,0.00336456 
  287,0.00335312 
  288,0.00334167 
  289,0.00333023 
  290,0.00331974 
  291,0.0033083 
  292,0.00329685 
  293,0.00328636 
  294,0.00327587 
  295,0.00326443 
  296,0.00325394 
  297,0.00324345 
  298,0.00323296 
  299,0.00322247 
  300,0.00321198 
  301,0.00320148 
  302,0.00319099 
  303,0.0031805 
  304,0.00317001 
  305,0.00316048 
  306,0.00314999 
  307,0.00314045 
  308,0.00312996 
  309,0.00312042 
  310,0.00311089 
  311,0.0031004 
  312,0.00309086 
  313,0.00308132 
  314,0.00307178 
  315,0.00306225 
  316,0.00305271 
  317,0.00304317 
  318,0.00303459 
  319,0.00302505 
  320,0.00301552 
  321,0.00300694 
  322,0.0029974 
  323,0.00298882 
  324,0.00297928 
  325,0.0029707 
  326,0.00296116 
  327,0.00295258 
  328,0.00294399 
  329,0.00293541 
  330,0.00292683 
  331,0.00291824 
  332,0.00290966 
  333,0.00290108 
  334,0.00289249 
  335,0.00288391 
  336,0.00287533 
  337,0.0028677 
  338,0.00285912 
  339,0.00285053 
  340,0.0028429 
  341,0.00283432 
  342,0.00282669 
  343,0.00281811 
  344,0.00281048 
  345,0.0028019 
  346,0.00279427 
  347,0.00278664 
  348,0.00277901 
  349,0.00277138 
  350,0.00276279 
  351,0.00275517 
  352,0.00274754 
  353,0.00273991 
  354,0.00273228 
  355,0.0027256 
  356,0.00271797 
  357,0.00271034 
  358,0.00270271 
  359,0.00269508 
  360,0.00268841 
  361,0.00268078 
  362,0.0026741 
  363,0.00266647 
  364,0.00265884 
  365,0.00265217 
  366,0.00264549 
  367,0.00263786 
  368,0.00263119 
  369,0.00262356 
  370,0.00261688 
  371,0.00261021 
  372,0.00260353 
  373,0.00259686 
  374,0.00259018 
  375,0.00258255 
  376,0.00257587 
  377,0.0025692 
  378,0.00256252 
  379,0.00255585 
  380,0.00255013 
  381,0.00254345 
  382,0.00253677 
  383,0.0025301 
  384,0.00252342 
  385,0.0025177 
  386,0.00251102 
  387,0.00250435 
  388,0.00249863 
  389,0.00249195 
  390,0.00248528 
  391,0.00247955 
  392,0.00247288 
  393,0.00246716 
  394,0.00246143 
  395,0.00245476 
  396,0.00244904 
  397,0.00244331 
  398,0.00243664 
  399,0.00243092 
  400,0.00242519 
  401,0.00241852 
  402,0.0024128 
  403,0.00240707 
  404,0.00240135 
  405,0.00239563 
  406,0.00238991 
  407,0.00238419 
  408,0.00237846 
  409,0.00237274 
  410,0.00236702 
  411,0.0023613 
  412,0.00235558 
  413,0.00234985 
  414,0.00234413 
  415,0.00233936 
  416,0.00233364 
  417,0.00232792 
  418,0.0023222 
  419,0.00231743 
  420,0.00231171 
  421,0.00230598 
  422,0.00230122 
  423,0.00229549 
  424,0.00229073 
  425,0.002285 
  426,0.00228024 
  427,0.00227451 
  428,0.00226974 
  429,0.00226402 
  430,0.00225925 
  431,0.00225353 
  432,0.00224876 
  433,0.002244 
  434,0.00223827 
  435,0.00223351 
  436,0.00222874 
  437,0.00222397 
  438,0.00221825 
  439,0.00221348 
  440,0.00220871 
  441,0.00220394 
  442,0.00219917 
  443,0.0021944 
  444,0.00218964 
  445,0.00218487 
  446,0.00217915 
  447,0.00217438 
  448,0.00216961 
  449,0.00216579 
  450,0.00216103 
  451,0.00215626 
  452,0.00215149 
  453,0.00214672 
  454,0.00214195 
  455,0.00213718 
  456,0.00213242 
  457,0.00212765 
  458,0.00212383 
  459,0.00211906 
  460,0.0021143 
  461,0.00210953 
  462,0.00210571 
  463,0.00210094 
  464,0.00209618 
  465,0.00209236 
  466,0.00208759 
  467,0.00208378 
  468,0.00207901 
  469,0.00207424 
  470,0.00207043 
  471,0.00206566 
  472,0.00206184 
  473,0.00205708 
  474,0.00205326 
  475,0.00204849 
  476,0.00204468 
  477,0.00204086 
  478,0.00203609 
  479,0.00203228 
  480,0.00202751 
  481,0.0020237 
  482,0.00201988 
  483,0.00201607 
  484,0.0020113 
  485,0.00200748 
  486,0.00200367 
  487,0.0019989 
  488,0.00199509 
  489,0.00199127 
  490,0.00198746 
  491,0.00198364 
  492,0.00197983 
  493,0.00197506 
  494,0.00197124 
  495,0.00196743 
  496,0.00196362 
  497,0.0019598 
  498,0.00195599 
  499,0.00195217 
  500,0.00194836 
  501,0.00194454 
  502,0.00194073 
  503,0.00193691 
  504,0.0019331 
  505,0.00192928 
  506,0.00192547 
  507,0.00192165 
  508,0.00191784 
  509,0.00191402 
  510,0.00191116 
  511,0.00190735 
  512,0.00190353 
  513,0.00189972 
  514,0.0018959 
  515,0.00189209 
  516,0.00188923 
  517,0.00188541 
  518,0.0018816 
  519,0.00187778 
  520,0.00187492 
  521,0.00187111 
  522,0.00186729 
  523,0.00186443 
  524,0.00186062 
  525,0.0018568 
  526,0.00185394 
  527,0.00185013 
  528,0.00184631 
  529,0.00184345 
  530,0.00183964 
  531,0.00183678 
  532,0.00183296 
  533,0.0018301 
  534,0.00182629 
  535,0.00182247 
  536,0.00181961 
  537,0.0018158 
  538,0.00181293 
  539,0.00181007 
  540,0.00180626 
  541,0.0018034 
  542,0.00179958 
  543,0.00179672 
  544,0.00179291 
  545,0.00179005 
  546,0.00178719 
  547,0.00178337 
  548,0.00178051 
  549,0.00177765 
  550,0.00177383 
  551,0.00177097 
  552,0.00176811 
  553,0.0017643 
  554,0.00176144 
  555,0.00175858 
  556,0.00175476 
  557,0.0017519 
  558,0.00174904 
  559,0.00174618 
  560,0.00174332 
  561,0.0017395 
  562,0.00173664 
  563,0.00173378 
  564,0.00173092 
  565,0.00172806 
  566,0.00172424 
  567,0.00172138 
  568,0.00171852 
  569,0.00171566 
  570,0.0017128 
  571,0.00170994 
  572,0.00170708 
  573,0.00170422 
  574,0.00170135 
  575,0.00169849 
  576,0.00169563 
  577,0.00169277 
  578,0.00168991 
  579,0.0016861 
  580,0.00168324 
  581,0.00168133 
  582,0.00167847 
  583,0.00167561 
  584,0.00167274 
  585,0.00166988 
  586,0.00166702 
  587,0.00166416 
  588,0.0016613 
  589,0.00165844 
  590,0.00165558 
  591,0.00165272 
  592,0.00164986 
  593,0.001647 
  594,0.00164509 
  595,0.00164223 
  596,0.00163937 
  597,0.00163651 
  598,0.00163364 
  599,0.00163078 
  600,0.00162888 
  601,0.00162601 
  602,0.00162315 
  603,0.00162029 
  604,0.00161743 
  605,0.00161552 
  606,0.00161266 
  607,0.0016098 
  608,0.00160694 
  609,0.00160503 
  610,0.00160217 
  611,0.00159931 
  612,0.0015974 
  613,0.00159454 
  614,0.00159168 
  615,0.00158882 
  616,0.00158691 
  617,0.00158405 
  618,0.00158215 
  619,0.00157928 
  620,0.00157642 
  621,0.00157452 
  622,0.00157166 
  623,0.00156879 
  624,0.00156689 
  625,0.00156403 
  626,0.00156212 
  627,0.00155926 
  628,0.0015564 
  629,0.00155449 
  630,0.00155163 
  631,0.00154972 
  632,0.00154686 
  633,0.00154495 
  634,0.00154209 
  635,0.00154018 
  636,0.00153732 
  637,0.00153542 
  638,0.00153255 
  639,0.00153065 
  640,0.00152779 
  641,0.00152588 
  642,0.00152302 
  643,0.00152111 
  644,0.0015192 
  645,0.00151634 
  646,0.00151443 
  647,0.00151157 
  648,0.00150967 
  649,0.00150681 
  650,0.0015049 
  651,0.00150299 
  652,0.00150013 
  653,0.00149822 
  654,0.00149536 
  655,0.00149345 
  656,0.00149155 
  657,0.00148869 
  658,0.00148678 
  659,0.00148487 
  660,0.00148201 
  661,0.0014801 
  662,0.0014782 
  663,0.00147629 
  664,0.00147343 
  665,0.00147152 
  666,0.00146961 
  667,0.00146675 
  668,0.00146484 
  669,0.00146294 
  670,0.00146103 
  671,0.00145817 
  672,0.00145626 
  673,0.00145435 
  674,0.00145245 
  675,0.00144958 
  676,0.00144768 
  677,0.00144577 
  678,0.00144386 
  679,0.00144196 
  680,0.00143909 
  681,0.00143719 
  682,0.00143528 
  683,0.00143337 
  684,0.00143147 
  685,0.0014286 
  686,0.0014267 
  687,0.00142479 
  688,0.00142288 
  689,0.00142097 
  690,0.00141907 
  691,0.00141716 
  692,0.00141525 
  693,0.00141239 
  694,0.00141048 
  695,0.00140858 
  696,0.00140667 
  697,0.00140476 
  698,0.00140285 
  699,0.00140095 
  700,0.00139904 
  701,0.00139713 
  702,0.00139523 
  703,0.00139332 
  704,0.00139141 
  705,0.0013895 
  706,0.00138664 
  707,0.00138474 
  708,0.00138283 
  709,0.00138092 
  710,0.00137901 
  711,0.00137711 
  712,0.0013752 
  713,0.00137329 
  714,0.00137138 
  715,0.00136948 
  716,0.00136757 
  717,0.00136566 
  718,0.00136375 
  719,0.0013628 
  720,0.00136089 
  721,0.00135899 
  722,0.00135708 
  723,0.00135517 
  724,0.00135326 
  725,0.00135136 
  726,0.00134945 
  727,0.00134754 
  728,0.00134563 
  729,0.00134373 
  730,0.00134182 
  731,0.00133991 
  732,0.00133801 
  733,0.00133705 
  734,0.00133514 
  735,0.00133324 
  736,0.00133133 
  737,0.00132942 
  738,0.00132751 
  739,0.00132561 
  740,0.0013237 
  741,0.00132275 
  742,0.00132084 
  743,0.00131893 
  744,0.00131702 
  745,0.00131512 
  746,0.00131321 
  747,0.00131226 
  748,0.00131035 
  749,0.00130844 
  750,0.00130653 
  751,0.00130463 
  752,0.00130367 
  753,0.00130177 
  754,0.00129986 
  755,0.00129795 
  756,0.00129604 
  757,0.00129509 
  758,0.00129318 
  759,0.00129128 
  760,0.00128937 
  761,0.00128841 
  762,0.00128651 
  763,0.0012846 
  764,0.00128269 
  765,0.00128174 
  766,0.00127983 
  767,0.00127792 
  768,0.00127602 
  769,0.00127506 
  770,0.00127316 
  771,0.00127125 
  772,0.00127029 
  773,0.00126839 
  774,0.00126648 
  775,0.00126553 
  776,0.00126362 
  777,0.00126171 
  778,0.0012598 
  779,0.00125885 
  780,0.00125694 
  781,0.00125504 
  782,0.00125408 
  783,0.00125217 
  784,0.00125122 
  785,0.00124931 
  786,0.00124741 
  787,0.00124645 
  788,0.00124454 
  789,0.00124264 
  790,0.00124168 
  791,0.00123978 
  792,0.00123787 
  793,0.00123692 
  794,0.00123501 
  795,0.00123405 
  796,0.00123215 
  797,0.00123024 
  798,0.00122929 
  799,0.00122738 
  800,0.00122643 
  801,0.00122452 
  802,0.00122261 
  803,0.00122166 
  804,0.00121975 
  805,0.0012188 
  806,0.00121689 
  807,0.00121593 
  808,0.00121403 
  809,0.00121212 
  810,0.00121117 
  811,0.00120926 
  812,0.00120831 
  813,0.0012064 
  814,0.00120544 
  815,0.00120354 
  816,0.00120258 
  817,0.00120068 
  818,0.00119972 
  819,0.00119781 
  820,0.00119686 
  821,0.00119495 
  822,0.001194 
  823,0.00119209 
  824,0.00119114 
  825,0.00118923 
  826,0.00118828 
  827,0.00118637 
  828,0.00118542 
  829,0.00118351 
  830,0.00118256 
  831,0.00118065 
  832,0.0011797 
  833,0.00117779 
  834,0.00117683 
  835,0.00117493 
  836,0.00117397 
  837,0.00117207 
  838,0.00117111 
  839,0.0011692 
  840,0.00116825 
  841,0.0011673 
  842,0.00116539 
  843,0.00116444 
  844,0.00116253 
  845,0.00116158 
  846,0.00115967 
  847,0.00115871 
  848,0.00115776 
  849,0.00115585 
  850,0.0011549 
  851,0.00115299 
  852,0.00115204 
  853,0.00115108 
  854,0.00114918 
  855,0.00114822 
  856,0.00114632 
  857,0.00114536 
  858,0.00114441 
  859,0.0011425 
  860,0.00114155 
  861,0.00113964 
  862,0.00113869 
  863,0.00113773 
  864,0.00113583 
  865,0.00113487 
  866,0.00113392 
  867,0.00113201 
  868,0.00113106 
  869,0.0011301 
  870,0.0011282 
  871,0.00112724 
  872,0.00112629 
  873,0.00112438 
  874,0.00112343 
  875,0.00112247 
  876,0.00112057 
  877,0.00111961 
  878,0.00111866 
  879,0.00111675 
  880,0.0011158 
  881,0.00111485 
  882,0.00111294 
  883,0.00111198 
  884,0.00111103 
  885,0.00110912 
  886,0.00110817 
  887,0.00110722 
  888,0.00110626 
  889,0.00110435 
  890,0.0011034 
  891,0.00110245 
  892,0.00110054 
  893,0.00109959 
  894,0.00109863 
  895,0.00109768 
  896,0.00109577 
  897,0.00109482 
  898,0.00109386 
  899,0.00109196 
  900,0.001091 
  901,0.00109005 
  902,0.0010891 
  903,0.00108719 
  904,0.00108624 
  905,0.00108528 
  906,0.00108433 
  907,0.00108337 
  908,0.00108147 
  909,0.00108051 
  910,0.00107956 
  911,0.00107861 
  912,0.0010767 
  913,0.00107574 
  914,0.00107479 
  915,0.00107384 
  916,0.00107193 
  917,0.00107098 
  918,0.00107002 
  919,0.00106907 
  920,0.00106812 
  921,0.00106621 
  922,0.00106525 
  923,0.0010643 
  924,0.00106335 
  925,0.00106239 
  926,0.00106049 
  927,0.00105953 
  928,0.00105858 
  929,0.00105762 
  930,0.00105667 
  931,0.00105572 
  932,0.00105381 
  933,0.00105286 
  934,0.0010519 
  935,0.00105095 
  936,0.00105 
  937,0.00104904 
  938,0.00104713 
  939,0.0010128 
  940,0.000995636 
  941,0.000993729 
  942,0.000992775 
  943,0.000991821 
  944,0.000990868 
  945,0.000989914 
  946,0.00098896 
  947,0.000988007 
  948,0.000988007 
  949,0.000987053 
  950,0.000986099 
  951,0.000985146 
  952,0.000984192 
  953,0.000966072 
  954,0.000982285 
  955,0.000981331 
  956,0.000980377 
  957,0.000979424 
  958,0.000961304 
  959,0.00096035 
  960,0.000976562 
  961,0.000975609 
  962,0.000974655 
  963,0.000956535 
  964,0.000955582 
  965,0.000954628 
  966,0.00097084 
  967,0.000969887 
  968,0.000952721 
  969,0.000951767 
  970,0.000950813 
  971,0.00094986 
  972,0.000965118 
  973,0.000947952 
  974,0.000946999 
  975,0.000946045 
  976,0.000945091 
  977,0.000944138 
  978,0.000943184 
  979,0.00094223 
  980,0.00094223 
  981,0.000941277 
  982,0.000940323 
  983,0.000939369 
  984,0.000938416 
  985,0.000937462 
  986,0.000936508 
  987,0.000935555 
  988,0.000934601 
  989,0.000933647 
  990,0.000933647 
  991,0.000932693 
  992,0.00093174 
  993,0.000930786 
  994,0.000929832 
  995,0.000928879 
  996,0.000927925 
  997,0.000926971 
  998,0.000943184 
  999,0.000926018 
  1000,0.000925064 
  1001,0.00092411 
  1002,0.000923157 
  1003,0.000922203 
  1004,0.000921249 
  1005,0.000920296 
  1006,0.000919342 
  1007,0.000919342 
  1008,0.000918388 
  1009,0.000917435 
  1010,0.000916481 
  1011,0.000915527 
  1012,0.000914574 
  1013,0.00091362 
  1014,0.00091362 
  1015,0.000912666 
  1016,0.000927925 
  1017,0.000910759 
  1018,0.000909805 
  1019,0.000908852 
  1020,0.000907898 
  1021,0.000907898 
  1022,0.000923157 
  1023,0.000905991 
  1024,0.000905037 
  1025,0.000904083 
  1026,0.00090313 
  1027,0.00090313 
  1028,0.000902176 
  1029,0.000901222 
  1030,0.000900269 
  1031,0.000899315 
  1032,0.000898361 
  1033,0.000898361 
  1034,0.000897408 
  1035,0.000896454 
  1036,0.0008955 
  1037,0.000894547 
  1038,0.000893593 
  1039,0.000893593 
  1040,0.000892639 
  1041,0.000891685 
  1042,0.000890732 
  1043,0.000889778 
  1044,0.000889778 
  1045,0.000888824 
  1046,0.000887871 
  1047,0.000886917 
  1048,0.000885963 
  1049,0.000885963 
  1050,0.00088501 
  1051,0.000884056 
  1052,0.000883102 
  1053,0.00086689 
  1054,0.000849724 
  1055,0.00084877 
  1056,0.00084877 
  1057,0.000847816 
  1058,0.000846863 
  1059,0.000845909 
  1060,0.000845909 
  1061,0.000844955 
  1062,0.000844002 
  1063,0.000844002 
  1064,0.000843048 
  1065,0.000842094 
  1066,0.000842094 
  1067,0.000841141 
  1068,0.000840187 
  1069,0.000806808 
  1070,0.000805855 
  1071,0.000788689 
  1072,0.000787735 
  1073,0.000787735 
  1074,0.000786781 
  1075,0.000786781 
  1076,0.000785828 
  1077,0.000784874 
  1078,0.000784874 
  1079,0.00078392 
  1080,0.00078392 
  1081,0.000782967 
  1082,0.000782967 
  1083,0.000782013 
  1084,0.000781059 
  1085,0.000781059 
  1086,0.000780106 
  1087,0.000780106 
  1088,0.000779152 
  1089,0.000761986 
  1090,0.000778198 
  1091,0.000761032 
  1092,0.000777245 
  1093,0.000759125 
  1094,0.000759125 
  1095,0.000758171 
  1096,0.000758171 
  1097,0.000757217 
  1098,0.000757217 
  1099,0.000756264 
  1100,0.000756264 
  1101,0.00075531 
  1102,0.00075531 
  1103,0.000754356 
  1104,0.000754356 
  1105,0.000753403 
  1106,0.000752449 
  1107,0.000752449 
  1108,0.000751495 
  1109,0.000751495 
  1110,0.000750542 
  1111,0.000750542 
  1112,0.000749588 
  1113,0.000749588 
  1114,0.000748634 
  1115,0.000748634 
  1116,0.000747681 
  1117,0.000747681 
  1118,0.000746727 
  1119,0.000746727 
  1120,0.000745773 
  1121,0.000745773 
  1122,0.00074482 
  1123,0.000743866 
  1124,0.000743866 
  1125,0.000742912 
  1126,0.000742912 
  1127,0.000741959 
  1128,0.000741959 
  1129,0.000741005 
  1130,0.000741005 
  1131,0.000740051 
  1132,0.000740051 
  1133,0.000739098 
  1134,0.000739098 
  1135,0.000738144 
  1136,0.000738144 
  1137,0.00073719 
  1138,0.00073719 
  1139,0.000736237 
  1140,0.000736237 
  1141,0.000735283 
  1142,0.000735283 
  1143,0.000734329 
  1144,0.000734329 
  1145,0.000733376 
  1146,0.000733376 
  1147,0.000732422 
  1148,0.000732422 
  1149,0.000731468 
  1150,0.000731468 
  1151,0.000730515 
  1152,0.000730515 
  1153,0.000729561 
  1154,0.000729561 
  1155,0.000728607 
  1156,0.000728607 
  1157,0.000727654 
  1158,0.000727654 
  1159,0.0007267 
  1160,0.0007267 
  1161,0.000725746 
  1162,0.000725746 
  1163,0.000724792 
  1164,0.000724792 
  1165,0.000723839 
  1166,0.000723839 
  1167,0.000722885 
  1168,0.000722885 
  1169,0.000721931 
  1170,0.000721931 
  1171,0.000720978 
  1172,0.000720978 
  1173,0.000720024 
  1174,0.000720024 
  1175,0.00071907 
  1176,0.00071907 
  1177,0.000718117 
  1178,0.000718117 
  1179,0.000717163 
  1180,0.000717163 
  1181,0.000716209 
  1182,0.000716209 
  1183,0.000715256 
  1184,0.000715256 
  1185,0.000714302 
  1186,0.000714302 
  1187,0.000714302 
  1188,0.000713348 
  1189,0.000713348 
  1190,0.000712395 
  1191,0.000712395 
  1192,0.000711441 
  1193,0.000711441 
  1194,0.000710487 
  1195,0.000710487 
  1196,0.000709534 
  1197,0.000709534 
  1198,0.00070858 
  1199,0.00070858 
  1200,0.000707626 
  1201,0.000707626 
  1202,0.000706673 
  1203,0.000706673 
  1204,0.000705719 
  1205,0.000705719 
  1206,0.000705719 
  1207,0.000704765 
  1208,0.000704765 
  1209,0.000703812 
  1210,0.000703812 
  1211,0.000702858 
  1212,0.000702858 
  1213,0.000701904 
  1214,0.000701904 
  1215,0.000700951 
  1216,0.000700951 
  1217,0.000699997 
  1218,0.000699997 
  1219,0.000699043 
  1220,0.000699043 
  1221,0.000699043 
  1222,0.00069809 
  1223,0.00069809 
  1224,0.000697136 
  1225,0.000697136 
  1226,0.000696182 
  1227,0.000696182 
  1228,0.000695229 
  1229,0.000695229 
  1230,0.000694275 
  1231,0.000694275 
  1232,0.000694275 
  1233,0.000693321 
  1234,0.000693321 
  1235,0.000692368 
  1236,0.000692368 
  1237,0.000691414 
  1238,0.000691414 
  1239,0.00069046 
  1240,0.00069046 
  1241,0.000689507 
  1242,0.000689507 
  1243,0.000689507 
  1244,0.000688553 
  1245,0.000688553 
  1246,0.000687599 
  1247,0.000687599 
  1248,0.000686646 
  1249,0.000686646 
  1250,0.000685692 
  1251,0.000685692 
  1252,0.000685692 
  1253,0.000684738 
  1254,0.000684738 
  1255,0.000683784 
  1256,0.000683784 
  1257,0.000682831 
  1258,0.000682831 
  1259,0.000681877 
  1260,0.000681877 
  1261,0.000681877 
  1262,0.000680923 
  1263,0.000680923 
  1264,0.00067997 
  1265,0.00067997 
  1266,0.000679016 
  1267,0.000679016 
  1268,0.000679016 
  1269,0.000678062 
  1270,0.000678062 
  1271,0.000677109 
  1272,0.000677109 
  1273,0.000676155 
  1274,0.000676155 
  1275,0.000675201 
  1276,0.000675201 
  1277,0.000675201 
  1278,0.000674248 
  1279,0.000674248 
  1280,0.000673294 
  1281,0.000673294 
  1282,0.00067234 
  1283,0.00067234 
  1284,0.00067234 
  1285,0.000671387 
  1286,0.000671387 
  1287,0.000670433 
  1288,0.000670433 
  1289,0.000669479 
  1290,0.000669479 
  1291,0.000669479 
  1292,0.000668526 
  1293,0.000668526 
  1294,0.000667572 
  1295,0.000667572 
  1296,0.000667572 
  1297,0.000666618 
  1298,0.000666618 
  1299,0.000665665 
  1300,0.000665665 
  1301,0.000664711 
  1302,0.000664711 
  1303,0.000664711 
  1304,0.000648499 
  1305,0.000632286 
  1306,0.000632286 
  1307,0.000632286 
  1308,0.000631332 
  1309,0.000631332 
  1310,0.000631332 
  1311,0.000614166 
  1312,0.000630379 
  1313,0.000630379 
  1314,0.000629425 
  1315,0.000629425 
  1316,0.000628471 
  1317,0.000612259 
  1318,0.000612259 
  1319,0.000627518 
  1320,0.000611305 
  1321,0.000611305 
  1322,0.000626564 
  1323,0.000610352 
  1324,0.000626564 
  1325,0.000610352 
  1326,0.00062561 
  1327,0.00062561 
  1328,0.000609398 
  1329,0.000608444 
  1330,0.000608444 
  1331,0.000608444 
  1332,0.000607491 
  1333,0.000607491 
  1334,0.000607491 
  1335,0.000622749 
  1336,0.000606537 
  1337,0.000606537 
  1338,0.000621796 
  1339,0.000605583 
  1340,0.000605583 
  1341,0.000620842 
  1342,0.00060463 
  1343,0.00060463 
  1344,0.000603676 
  1345,0.000603676 
  1346,0.000603676 
  1347,0.000602722 
  1348,0.000602722 
  1349,0.000602722 
  1350,0.000601768 
  1351,0.000601768 
  1352,0.000601768 
  1353,0.000600815 
  1354,0.000600815 
  1355,0.000600815 
  1356,0.000599861 
  1357,0.000599861 
  1358,0.000599861 
  1359,0.000598907 
  1360,0.000598907 
  1361,0.000598907 
  1362,0.000597954 
  1363,0.000597954 
  1364,0.000597954 
  1365,0.000597 
  1366,0.000597 
  1367,0.000597 
  1368,0.000596046 
  1369,0.000596046 
  1370,0.000596046 
  1371,0.000595093 
  1372,0.000610352 
  1373,0.000595093 
  1374,0.000594139 
  1375,0.000594139 
  1376,0.000594139 
  1377,0.000593185 
  1378,0.000593185 
  1379,0.000593185 
  1380,0.000592232 
  1381,0.000592232 
  1382,0.000592232 
  1383,0.000591278 
  1384,0.000591278 
  1385,0.000591278 
  1386,0.000590324 
  1387,0.000590324 
  1388,0.000590324 
  1389,0.000589371 
  1390,0.000589371 
  1391,0.000589371 
  1392,0.000588417 
  1393,0.000603676 
  1394,0.000588417 
  1395,0.000587463 
  1396,0.000587463 
  1397,0.000587463 
  1398,0.00058651 
  1399,0.00058651 
  1400,0.00058651 
  1401,0.00058651 
  1402,0.000585556 
  1403,0.000585556 
  1404,0.000585556 
  1405,0.000584602 
  1406,0.000584602 
  1407,0.000584602 
  1408,0.000583649 
  1409,0.000583649 
  1410,0.000583649 
  1411,0.000582695 
  1412,0.000582695 
  1413,0.000582695 
  1414,0.000581741 
  1415,0.000581741 
  1416,0.000581741 
  1417,0.000580788 
  1418,0.000580788 
  1419,0.000580788 
  1420,0.000580788 
  1421,0.000579834 
  1422,0.000579834 
  1423,0.000579834 
  1424,0.00057888 
  1425,0.00057888 
  1426,0.00057888 
  1427,0.000577927 
  1428,0.000577927 
  1429,0.000577927 
  1430,0.000576973 
  1431,0.000576973 
  1432,0.000576973 
  1433,0.000576019 
  1434,0.000576019 
  1435,0.000576019 
  1436,0.000576019 
  1437,0.000575066 
  1438,0.000575066 
  1439,0.000575066 
  1440,0.000574112 
  1441,0.000574112 
  1442,0.000574112 
  1443,0.000573158 
  1444,0.000573158 
  1445,0.000557899 
  1446,0.000556946 
  1447,0.000541687 
  1448,0.000540733 
  1449,0.000540733 
  1450,0.000540733 
  1451,0.000540733 
  1452,0.00053978 
  1453,0.00053978 
  1454,0.00053978 
  1455,0.00053978 
  1456,0.000538826 
  1457,0.000538826 
  1458,0.000538826 
  1459,0.000538826 
  1460,0.000537872 
  1461,0.000537872 
  1462,0.000537872 
  1463,0.000537872 
  1464,0.000536919 
  1465,0.000536919 
  1466,0.000536919 
  1467,0.000520706 
  1468,0.000520706 
  1469,0.000519753 
  1470,0.000519753 
  1471,0.000519753 
  1472,0.000519753 
  1473,0.000518799 
  1474,0.000518799 
  1475,0.000518799 
  1476,0.000518799 
  1477,0.000517845 
  1478,0.000517845 
  1479,0.000517845 
  1480,0.000517845 
  1481,0.000517845 
  1482,0.000516891 
  1483,0.000516891 
  1484,0.000516891 
  1485,0.000516891 
  1486,0.000499725 
  1487,0.000499725 
  1488,0.000482559 
  1489,0.000482559 
  1490,0.000482559 
  1491,0.000481606 
  1492,0.000481606 
  1493,0.000481606 
  1494,0.000481606 
  1495,0.000481606 
  1496,0.000481606 
  1497,0.000480652 
  1498,0.000480652 
  1499,0.000480652 
  1500,0.000480652 
  1501,0.000480652 
  1502,0.000479698 
  1503,0.000479698 
  1504,0.000479698 
  1505,0.000479698 
  1506,0.000479698 
  1507,0.000479698 
  1508,0.000478745 
  1509,0.000478745 
  1510,0.000478745 
  1511,0.000478745 
  1512,0.000478745 
  1513,0.000477791 
  1514,0.000477791 
  1515,0.000477791 
  1516,0.000477791 
  1517,0.000477791 
  1518,0.000477791 
  1519,0.000476837 
  1520,0.000476837 
  1521,0.000476837 
  1522,0.000476837 
  1523,0.000476837 
  1524,0.000475883 
  1525,0.000475883 
  1526,0.000475883 
  1527,0.000475883 
  1528,0.000475883 
  1529,0.000475883 
  1530,0.00047493 
  1531,0.00047493 
  1532,0.00047493 
  1533,0.00047493 
  1534,0.00047493 
  1535,0.000473976 
  1536,0.000473976 
  1537,0.000473976 
  1538,0.000473976 
  1539,0.000473976 
  1540,0.000473976 
  1541,0.000473022 
  1542,0.000473022 
  1543,0.000473022 
  1544,0.000473022 
  1545,0.000473022 
  1546,0.000472069 
  1547,0.000472069 
  1548,0.000472069 
  1549,0.000454903 
  1550,0.000454903 
  1551,0.000454903 
  1552,0.000453949 
  1553,0.000453949 
  1554,0.000453949 
  1555,0.000453949 
  1556,0.000453949 
  1557,0.000453949 
  1558,0.000452995 
  1559,0.000452995 
  1560,0.000452995 
  1561,0.000452995 
  1562,0.000452995 
  1563,0.000434875 
  1564,0.000434875 
  1565,0.000452042 
  1566,0.000434875 
  1567,0.000433922 
  1568,0.000433922 
  1569,0.000452042 
  1570,0.000433922 
  1571,0.000433922 
  1572,0.000451088 
  1573,0.000433922 
  1574,0.000432968 
  1575,0.000432968 
  1576,0.000432968 
  1577,0.000432968 
  1578,0.000450134 
  1579,0.000450134 
  1580,0.000432014 
  1581,0.000450134 
  1582,0.000432014 
  1583,0.000432014 
  1584,0.000432014 
  1585,0.000432014 
  1586,0.000432014 
  1587,0.000431061 
  1588,0.000431061 
  1589,0.000431061 
  1590,0.000431061 
  1591,0.000431061 
  1592,0.000431061 
  1593,0.000431061 
  1594,0.000430107 
  1595,0.000430107 
  1596,0.000430107 
  1597,0.000430107 
  1598,0.000430107 
  1599,0.000430107 
  1600,0.000430107 
  1601,0.000429153 
  1602,0.000429153 
  1603,0.000429153 
  1604,0.000429153 
  1605,0.000429153 
  1606,0.000429153 
  1607,0.000429153 
  1608,0.0004282 
  1609,0.0004282 
  1610,0.0004282 
  1611,0.0004282 
  1612,0.0004282 
  1613,0.0004282 
  1614,0.000409126 
  1615,0.000409126 
  1616,0.000409126 
  1617,0.000409126 
  1618,0.000409126 
  1619,0.000409126 
  1620,0.000409126 
  1621,0.000409126 
  1622,0.000408173 
  1623,0.000408173 
  1624,0.000408173 
  1625,0.000408173 
  1626,0.000408173 
  1627,0.000408173 
  1628,0.000408173 
  1629,0.000408173 
  1630,0.000407219 
  1631,0.000407219 
  1632,0.000407219 
  1633,0.000407219 
  1634,0.000407219 
  1635,0.000407219 
  1636,0.000407219 
  1637,0.000407219 
  1638,0.000406265 
  1639,0.000406265 
  1640,0.000406265 
  1641,0.000406265 
  1642,0.000406265 
  1643,0.000406265 
  1644,0.000406265 
  1645,0.000406265 
  1646,0.000405312 
  1647,0.000405312 
  1648,0.000405312 
  1649,0.000405312 
  1650,0.000405312 
  1651,0.000405312 
  1652,0.000405312 
  1653,0.000405312 
  1654,0.000404358 
  1655,0.000404358 
  1656,0.000404358 
  1657,0.0627232 
  1658,0.0160646 
  1659,0.0115442 
  1660,0.00948048 
  1661,0.00823307 
  1662,0.00737381 
  1663,0.00673962 
  1664,0.00624466 
  1665,0.00584412 
  1666,0.00551224 
  1667,0.00522995 
  1668,0.00498772 
  1669,0.00477505 
  1670,0.00458813 
  1671,0.00442123 
  1672,0.00427151 
  1673,0.00413609 
  1674,0.00401306 
  1675,0.00389957 
  1676,0.00379562 
  1677,0.0036993 
  1678,0.00360966 
  1679,0.00352955 
  1680,0.00329494 
  1681,0.00322914 
  1682,0.00316715 
  1683,0.00310898 
  1684,0.00305462 
  1685,0.00300217 
  1686,0.00295258 
  1687,0.00290585 
  1688,0.00286102 
  1689,0.00281811 
  1690,0.0027771 
  1691,0.00273705 
  1692,0.00269985 
  1693,0.00266361 
  1694,0.00262833 
  1695,0.00259495 
  1696,0.00256252 
  1697,0.00253105 
  1698,0.00250053 
  1699,0.00247192 
  1700,0.00244427 
  1701,0.00241661 
  1702,0.00239086 
  1703,0.00236511 
  1704,0.00234127 
  1705,0.00231838 
  1706,0.00229645 
  1707,0.00227451 
  1708,0.00225449 
  1709,0.00223351 
  1710,0.00210094 
  1711,0.00208282 
  1712,0.00217724 
  1713,0.00204754 
  1714,0.00203133 
  1715,0.00201511 
  1716,0.0019989 
  1717,0.00209045 
  1718,0.00196743 
  1719,0.00195312 
  1720,0.00193787 
  1721,0.00192356 
  1722,0.00191021 
  1723,0.0018959 
  1724,0.00188255 
  1725,0.0018692 
  1726,0.0018568 
  1727,0.00184441 
  1728,0.00183201 
  1729,0.00181961 
  1730,0.00180721 
  1731,0.00179577 
  1732,0.00178432 
  1733,0.00177288 
  1734,0.00176239 
  1735,0.00175095 
  1736,0.00174046 
  1737,0.00172997 
  1738,0.00171947 
  1739,0.00170994 
  1740,0.00169945 
  1741,0.00168991 
  1742,0.00168037 
  1743,0.00167084 
  1744,0.0016613 
  1745,0.00165272 
  1746,0.00164318 
  1747,0.0016346 
  1748,0.00162601 
  1749,0.00161743 
  1750,0.00160885 
  1751,0.00160027 
  1752,0.00159264 
  1753,0.00158405 
  1754,0.00157642 
  1755,0.00156879 
  1756,0.00156021 
  1757,0.00155258 
  1758,0.00154591 
  1759,0.00153828 
  1760,0.00153065 
  1761,0.00152397 
  1762,0.00151634 
  1763,0.00150967 
  1764,0.00150204 
  1765,0.00149536 
  1766,0.00148869 
  1767,0.00148201 
  1768,0.00147533 
  1769,0.00146961 
  1770,0.00146294 
  1771,0.00145626 
  1772,0.00145054 
  1773,0.00144386 
  1774,0.00143814 
  1775,0.00143147 
  1776,0.00142574 
  1777,0.00142002 
  1778,0.0014143 
  1779,0.00140858 
  1780,0.00140285 
  1781,0.00139713 
  1782,0.00139141 
  1783,0.00138664 
  1784,0.00138092 
  1785,0.0013752 
  1786,0.00137043 
  1787,0.00136471 
  1788,0.00135994 
  1789,0.00135422 
  1790,0.00134945 
  1791,0.00134468 
  1792,0.00133896 
  1793,0.00133419 
  1794,0.00132942 
  1795,0.00132465 
  1796,0.00131989 
  1797,0.00131512 
  1798,0.00131035 
  1799,0.00130653 
  1800,0.00130177 
  1801,0.001297 
  1802,0.00129223 
  1803,0.00128841 
  1804,0.00128365 
  1805,0.00127888 
  1806,0.00127506 
  1807,0.00127029 
  1808,0.00126648 
  1809,0.00126266 
  1810,0.0012579 
  1811,0.00125408 
  1812,0.00125027 
  1813,0.0012455 
  1814,0.00124168 
  1815,0.00123787 
  1816,0.00123405 
  1817,0.00123024 
  1818,0.00122643 
  1819,0.00122261 
  1820,0.0012188 
  1821,0.00121498 
  1822,0.00121117 
  1823,0.00120735 
  1824,0.00120354 
  1825,0.00120068 
  1826,0.00119686 
  1827,0.00119305 
  1828,0.00118923 
  1829,0.00118637 
  1830,0.00118256 
  1831,0.00117874 
  1832,0.00117588 
  1833,0.00117207 
  1834,0.0011692 
  1835,0.00116539 
  1836,0.00116253 
  1837,0.00115871 
  1838,0.00115585 
  1839,0.00115204 
  1840,0.00114918 
  1841,0.00114632 
  1842,0.0011425 
  1843,0.00113964 
  1844,0.00113678 
  1845,0.00113392 
  1846,0.0011301 
  1847,0.00112724 
  1848,0.00112438 
  1849,0.00112152 
  1850,0.00105476 
  1851,0.00105286 
  1852,0.00105 
  1853,0.00104713 
  1854,0.00104523 
  1855,0.00104237 
  1856,0.00103951 
  1857,0.0010376 
  1858,0.00103474 
  1859,0.00103283 
  1860,0.00102997 
  1861,0.00102806 
  1862,0.0010252 
  1863,0.00102329 
  1864,0.00102043 
  1865,0.00101852 
  1866,0.00101566 
  1867,0.00101376 
  1868,0.00101185 
  1869,0.00100899 
  1870,0.00100708 
  1871,0.00100517 
  1872,0.00100231 
  1873,0.0010004 
  1874,0.000998497 
  1875,0.000995636 
  1876,0.000993729 
  1877,0.000991821 
  1878,0.000989914 
  1879,0.000987053 
  1880,0.000985146 
  1881,0.000983238 
  1882,0.000981331 
  1883,0.000979424 
  1884,0.000976562 
  1885,0.000974655 
  1886,0.000972748 
  1887,0.00097084 
  1888,0.000968933 
  1889,0.000967026 
  1890,0.000965118 
  1891,0.000963211 
  1892,0.000961304 
  1893,0.000959396 
  1894,0.000957489 
  1895,0.000955582 
  1896,0.000952721 
  1897,0.000950813 
  1898,0.00094986 
  1899,0.000947952 
  1900,0.000946045 
  1901,0.000944138 
  1902,0.00094223 
  1903,0.000940323 
  1904,0.000938416 
  1905,0.000936508 
  1906,0.000934601 
  1907,0.000932693 
  1908,0.000930786 
  1909,0.000928879 
  1910,0.000926971 
  1911,0.000926018 
  1912,0.00092411 
  1913,0.000922203 
  1914,0.000920296 
  1915,0.000918388 
  1916,0.000916481 
  1917,0.000915527 
  1918,0.00091362 
  1919,0.000911713 
  1920,0.000910759 
  1921,0.000908852 
  1922,0.000906944 
  1923,0.000905037 
  1924,0.000904083 
  1925,0.000902176 
  1926,0.000900269 
  1927,0.000899315 
  1928,0.000897408 
  1929,0.0008955 
  1930,0.000894547 
  1931,0.000892639 
  1932,0.000891685 
  1933,0.000889778 
  1934,0.000887871 
  1935,0.000886917 
  1936,0.00088501 
  1937,0.000884056 
  1938,0.000882149 
  1939,0.000881195 
  1940,0.000879288 
  1941,0.00087738 
  1942,0.000876427 
  1943,0.000874519 
  1944,0.000873566 
  1945,0.000871658 
  1946,0.000870705 
  1947,0.000869751 
  1948,0.000867844 
  1949,0.00086689 
  1950,0.000809669 
  1951,0.000864029 
  1952,0.000806808 
  1953,0.000861168 
  1954,0.000860214 
  1955,0.000858307 
  1956,0.000857353 
  1957,0.0008564 
  1958,0.000799179 
  1959,0.000798225 
  1960,0.000852585 
  1961,0.000850677 
  1962,0.000849724 
  1963,0.00084877 
  1964,0.000792503 
  1965,0.00079155 
  1966,0.000844955 
  1967,0.000788689 
  1968,0.000842094 
  1969,0.000786781 
  1970,0.000785828 
  1971,0.00083828 
  1972,0.000782967 
  1973,0.000782013 
  1974,0.000781059 
  1975,0.000833511 
  1976,0.000778198 
  1977,0.000777245 
  1978,0.000776291 
  1979,0.000775337 
  1980,0.000774384 
  1981,0.00077343 
  1982,0.000771523 
  1983,0.000770569 
  1984,0.000769615 
  1985,0.000768661 
  1986,0.000767708 
  1987,0.000766754 
  1988,0.0007658 
  1989,0.000763893 
  1990,0.000762939 
  1991,0.000814438 
  1992,0.000761032 
  1993,0.000760078 
  1994,0.000811577 
  1995,0.000810623 
  1996,0.000757217 
  1997,0.000807762 
  1998,0.000806808 
  1999,0.000753403 
  2000,0.000804901 
  2001,0.000751495 
  2002,0.000750542 
  2003,0.000749588 
  2004,0.000800133 
  2005,0.000747681 
  2006,0.000746727 
  2007,0.000745773 
  2008,0.00074482 
  2009,0.000795364 
  2010,0.000794411 
  2011,0.000741959 
  2012,0.000741005 
  2013,0.000740051 
  2014,0.000739098 
  2015,0.000738144 
  2016,0.00073719 
  2017,0.000736237 
  2018,0.000735283 
  2019,0.000734329 
  2020,0.000733376 
  2021,0.000732422 
  2022,0.000731468 
  2023,0.000730515 
  2024,0.000729561 
  2025,0.000728607 
  2026,0.000727654 
  2027,0.0007267 
  2028,0.000725746 
  2029,0.000724792 
  2030,0.000723839 
  2031,0.000722885 
  2032,0.000721931 
  2033,0.000720978 
  2034,0.000720978 
  2035,0.000720024 
  2036,0.00071907 
  2037,0.000718117 
  2038,0.000717163 
  2039,0.000716209 
  2040,0.000715256 
  2041,0.000714302 
  2042,0.000713348 
  2043,0.000712395 
  2044,0.000711441 
  2045,0.000710487 
  2046,0.000710487 
  2047,0.000709534 
  2048,0.00070858 
  2049,0.000707626 
  2050,0.000706673 
  2051,0.000705719 
  2052,0.000705719 
  2053,0.000704765 
  2054,0.000703812 
  2055,0.000702858 
  2056,0.000701904 
  2057,0.000700951 
  2058,0.000700951 
  2059,0.000699997 
  2060,0.000699043 
  2061,0.00069809 
  2062,0.000697136 
  2063,0.000697136 
  2064,0.000696182 
  2065,0.000695229 
  2066,0.000694275 
  2067,0.000693321 
  2068,0.000693321 
  2069,0.000692368 
  2070,0.000691414 
  2071,0.00069046 
  2072,0.00069046 
  2073,0.000689507 
  2074,0.000688553 
  2075,0.000687599 
  2076,0.000687599 
  2077,0.000686646 
  2078,0.000685692 
  2079,0.000684738 
  2080,0.000683784 
  2081,0.000683784 
  2082,0.000632286 
  2083,0.000631332 
  2084,0.000631332 
  2085,0.000630379 
  2086,0.000629425 
  2087,0.000629425 
  2088,0.000628471 
  2089,0.000627518 
  2090,0.000627518 
  2091,0.000626564 
  2092,0.00062561 
  2093,0.00062561 
  2094,0.000624657 
  2095,0.000623703 
  2096,0.000623703 
  2097,0.000622749 
  2098,0.000622749 
  2099,0.000621796 
  2100,0.000620842 
  2101,0.000620842 
  2102,0.000619888 
  2103,0.000619888 
  2104,0.000618935 
  2105,0.000617981 
  2106,0.000617981 
  2107,0.000617027 
  2108,0.000616074 
  2109,0.000616074 
  2110,0.00061512 
  2111,0.00061512 
  2112,0.000614166 
  2113,0.000613213 
  2114,0.000613213 
  2115,0.000612259 
  2116,0.000612259 
  2117,0.000611305 
  2118,0.000557899 
  2119,0.000610352 
  2120,0.000610352 
  2121,0.000609398 
  2122,0.000555992 
  2123,0.000555038 
  2124,0.000555038 
  2125,0.000554085 
  2126,0.000554085 
  2127,0.000553131 
  2128,0.000553131 
  2129,0.000552177 
  2130,0.000552177 
  2131,0.000551224 
  2132,0.000551224 
  2133,0.000551224 
  2134,0.00055027 
  2135,0.00055027 
  2136,0.000549316 
  2137,0.000549316 
  2138,0.000548363 
  2139,0.000548363 
  2140,0.000547409 
  2141,0.000547409 
  2142,0.000546455 
  2143,0.000546455 
  2144,0.000545502 
  2145,0.000545502 
  2146,0.000544548 
  2147,0.000544548 
  2148,0.000544548 
  2149,0.000543594 
  2150,0.000543594 
  2151,0.000542641 
  2152,0.000542641 
  2153,0.000541687 
  2154,0.000541687 
  2155,0.000540733 
  2156,0.000540733 
  2157,0.00053978 
  2158,0.00053978 
  2159,0.00053978 
  2160,0.000538826 
  2161,0.000538826 
  2162,0.000537872 
  2163,0.000537872 
  2164,0.000536919 
  2165,0.000536919 
  2166,0.000536919 
  2167,0.000535965 
  2168,0.000535965 
  2169,0.000535011 
  2170,0.000535011 
  2171,0.000535011 
  2172,0.000534058 
  2173,0.000534058 
  2174,0.000533104 
  2175,0.000533104 
  2176,0.000533104 
  2177,0.00053215 
  2178,0.00053215 
  2179,0.000531197 
  2180,0.000531197 
  2181,0.000531197 
  2182,0.000530243 
  2183,0.000530243 
  2184,0.000529289 
  2185,0.000529289 
  2186,0.000529289 
  2187,0.000528336 
  2188,0.000528336 
  2189,0.000527382 
  2190,0.000527382 
  2191,0.000527382 
  2192,0.000526428 
  2193,0.000526428 
  2194,0.000526428 
  2195,0.000525475 
  2196,0.000525475 
  2197,0.000524521 
  2198,0.000524521 
  2199,0.000524521 
  2200,0.000523567 
  2201,0.000523567 
  2202,0.000523567 
  2203,0.000522614 
  2204,0.000522614 
  2205,0.000522614 
  2206,0.00052166 
  2207,0.00052166 
  2208,0.000520706 
  2209,0.000520706 
  2210,0.000520706 
  2211,0.000519753 
  2212,0.000519753 
  2213,0.000519753 
  2214,0.000518799 
  2215,0.000518799 
  2216,0.000517845 
  2217,0.000517845 
  2218,0.000517845 
  2219,0.000516891 
  2220,0.000516891 
  2221,0.000516891 
  2222,0.000515938 
  2223,0.000515938 
  2224,0.000515938 
  2225,0.000514984 
  2226,0.000514984 
  2227,0.000514984 
  2228,0.00051403 
  2229,0.00051403 
  2230,0.00051403 
  2231,0.000513077 
  2232,0.000513077 
  2233,0.000512123 
  2234,0.000512123 
  2235,0.000512123 
  2236,0.000511169 
  2237,0.000511169 
  2238,0.000511169 
  2239,0.000510216 
  2240,0.000510216 
  2241,0.000510216 
  2242,0.000509262 
  2243,0.000509262 
  2244,0.000509262 
  2245,0.000508308 
  2246,0.000508308 
  2247,0.000508308 
  2248,0.000507355 
  2249,0.000507355 
  2250,0.000507355 
  2251,0.000506401 
  2252,0.000506401 
  2253,0.000506401 
  2254,0.000505447 
  2255,0.000505447 
  2256,0.000505447 
  2257,0.000504494 
  2258,0.000504494 
  2259,0.000504494 
  2260,0.00050354 
  2261,0.00050354 
  2262,0.00050354 
  2263,0.000449181 
  2264,0.000502586 
  2265,0.000449181 
  2266,0.000449181 
  2267,0.000501633 
  2268,0.000448227 
  2269,0.000448227 
  2270,0.000447273 
  2271,0.000447273 
  2272,0.000447273 
  2273,0.000447273 
  2274,0.00044632 
  2275,0.00044632 
  2276,0.00044632 
  2277,0.00044632 
  2278,0.000445366 
  2279,0.000445366 
  2280,0.000497818 
  2281,0.000444412 
  2282,0.000496864 
  2283,0.000496864 
  2284,0.000444412 
  2285,0.000495911 
  2286,0.000495911 
  2287,0.000495911 
  2288,0.000494957 
  2289,0.000494957 
  2290,0.000442505 
  2291,0.000442505 
  2292,0.000441551 
  2293,0.000441551 
  2294,0.000441551 
  2295,0.000441551 
  2296,0.000440598 
  2297,0.000440598 
  2298,0.000492096 
  2299,0.000439644 
  2300,0.000492096 
  2301,0.000491142 
  2302,0.000439644 
  2303,0.000491142 
  2304,0.000490189 
  2305,0.000490189 
  2306,0.000490189 
  2307,0.000490189 
  2308,0.000437737 
  2309,0.000489235 
  2310,0.000436783 
  2311,0.000436783 
  2312,0.000436783 
  2313,0.000436783 
  2314,0.000435829 
  2315,0.000435829 
  2316,0.000487328 
  2317,0.000435829 
  2318,0.000434875 
  2319,0.000434875 
  2320,0.000486374 
  2321,0.000434875 
  2322,0.000433922 
  2323,0.00048542 
  2324,0.000433922 
  2325,0.000432968 
  2326,0.000432968 
  2327,0.000432968 
  2328,0.000432968 
  2329,0.000483513 
  2330,0.000432014 
  2331,0.000432014 
  2332,0.000482559 
  2333,0.000431061 
  2334,0.000431061 
  2335,0.000431061 
  2336,0.000481606 
  2337,0.000430107 
  2338,0.000430107 
  2339,0.000430107 
  2340,0.000430107 
  2341,0.000429153 
  2342,0.000479698 
  2343,0.000429153 
  2344,0.000429153 
  2345,0.0004282 
  2346,0.0004282 
  2347,0.0004282 
  2348,0.0004282 
  2349,0.000427246 
  2350,0.000427246 
  2351,0.000427246 
  2352,0.000427246 
  2353,0.000426292 
  2354,0.000426292 
  2355,0.000426292 
  2356,0.000426292 
  2357,0.000425339 
  2358,0.000425339 
  2359,0.000425339 
  2360,0.000425339 
  2361,0.000424385 
  2362,0.000424385 
  2363,0.000424385 
  2364,0.000424385 
  2365,0.000423431 
  2366,0.000423431 
  2367,0.000423431 
  2368,0.000423431 
  2369,0.000423431 
  2370,0.000422478 
  2371,0.000422478 
  2372,0.000422478 
  2373,0.000422478 
  2374,0.000421524 
  2375,0.000421524 
  2376,0.000421524 
  2377,0.000421524 
  2378,0.000421524 
  2379,0.00042057 
  2380,0.00042057 
  2381,0.00042057 
  2382,0.00042057 
  2383,0.000419617 
  2384,0.00036335 
  2385,0.000419617 
  2386,0.00036335 
  2387,0.00036335 
  2388,0.000418663 
  2389,0.000362396 
  2390,0.000362396 
  2391,0.000362396 
  2392,0.000362396 
  2393,0.000362396 
  2394,0.000361443 
  2395,0.000361443 
  2396,0.000361443 
  2397,0.000361443 
  2398,0.000361443 
  2399,0.000361443 
  2400,0.000360489 
  2401,0.000360489 
  2402,0.000360489 
  2403,0.000360489 
  2404,0.000360489 
  2405,0.000360489 
  2406,0.000359535 
  2407,0.000359535 
  2408,0.000359535 
  2409,0.000359535 
  2410,0.000359535 
  2411,0.000359535 
  2412,0.000359535 
  2413,0.000358582 
  2414,0.000358582 
  2415,0.000358582 
  2416,0.000358582 
  2417,0.000358582 
  2418,0.000358582 
  2419,0.000357628 
  2420,0.000357628 
  2421,0.000357628 
  2422,0.000357628 
  2423,0.000357628 
  2424,0.000357628 
  2425,0.000356674 
  2426,0.000356674 
  2427,0.000356674 
  2428,0.000356674 
  2429,0.000356674 
  2430,0.000356674 
  2431,0.000355721 
  2432,0.000355721 
  2433,0.000355721 
  2434,0.000355721 
  2435,0.000355721 
  2436,0.000355721 
  2437,0.000354767 
  2438,0.000354767 
  2439,0.000354767 
  2440,0.000354767 
  2441,0.000354767 
  2442,0.000354767 
  2443,0.000354767 
  2444,0.000353813 
  2445,0.000353813 
  2446,0.000353813 
  2447,0.000353813 
  2448,0.000353813 
  2449,0.000353813 
  2450,0.000352859 
  2451,0.000352859 
  2452,0.000352859 
  2453,0.000352859 
  2454,0.000352859 
  2455,0.000352859 
  2456,0.000351906 
  2457,0.000351906 
  2458,0.000351906 
  2459,0.000351906 
  2460,0.000351906 
  2461,0.000351906 
  2462,0.000351906 
  2463,0.000350952 
  2464,0.000350952 
  2465,0.000350952 
  2466,0.000350952 
  2467,0.000350952 
  2468,0.000350952 
  2469,0.000350952 
  2470,0.000349998 
  2471,0.000349998 
  2472,0.000349998 
  2473,0.000349998 
  2474,0.000349998 
  2475,0.000349998 
  2476,0.000349998 
  2477,0.000349045 
  2478,0.000349045 
  2479,0.000349045 
  2480,0.000349045 
  2481,0.000349045 
  2482,0.000349045 
  2483,0.000349045 
  2484,0.000349045 
  2485,0.000348091 
  2486,0.000348091 
  2487,0.000348091 
  2488,0.000348091 
  2489,0.000348091 
  2490,0.000348091 
  2491,0.000348091 
  2492,0.000347137 
  2493,0.000347137 
  2494,0.000347137 
  2495,0.000347137 
  2496,0.000347137 
  2497,0.000347137 
  2498,0.000347137 
  2499,0.000347137 
  2500,0.000346184 
  2501,0.000346184 
  2502,0.000346184 
  2503,0.000346184 
  2504,0.000346184 
  2505,0.000346184 
  2506,0.000346184 
  2507,0.000346184 
  2508,0.00034523 
  2509,0.00034523 
  2510,0.00034523 
  2511,0.00034523 
  2512,0.00034523 
  2513,0.00034523 
  2514,0.00034523 
  2515,0.00034523 
  2516,0.00034523 
  2517,0.000344276 
  2518,0.000344276 
  2519,0.000344276 
  2520,0.000344276 
  2521,0.000344276 
  2522,0.000344276 
  2523,0.000344276 
  2524,0.000344276 
  2525,0.000343323 
  2526,0.000343323 
  2527,0.000343323 
  2528,0.000343323 
  2529,0.000343323 
  2530,0.000343323 
  2531,0.000343323 
  2532,0.000343323 
  2533,0.000342369 
  2534,0.000342369 
  2535,0.000342369 
  2536,0.000342369 
  2537,0.000342369 
  2538,0.000342369 
  2539,0.000342369 
  2540,0.000342369 
  2541,0.000341415 
  2542,0.000341415 
  2543,0.000341415 
  2544,0.000341415 
  2545,0.000341415 
  2546,0.000341415 
  2547,0.000341415 
  2548,0.000341415 
  2549,0.000341415 
  2550,0.000340462 
  2551,0.000340462 
  2552,0.000340462 
  2553,0.000340462 
  2554,0.000340462 
  2555,0.000340462 
  2556,0.000340462 
  2557,0.000340462 
  2558,0.000339508 
  2559,0.000339508 
  2560,0.000339508 
  2561,0.000339508 
  2562,0.000339508 
  2563,0.000339508 
  2564,0.000339508 
  2565,0.000339508 
  2566,0.000339508 
  2567,0.000338554 
  2568,0.000338554 
  2569,0.000338554 
  2570,0.000338554 
  2571,0.000338554 
  2572,0.000338554 
  2573,0.000338554 
  2574,0.000338554 
  2575,0.000337601 
  2576,0.000337601 
  2577,0.000337601 
  2578,0.000337601 
  2579,0.000337601 
  2580,0.000337601 
  2581,0.000337601 
  2582,0.000337601 
  2583,0.000337601 
  2584,0.000336647 
  2585,0.000336647 
  2586,0.000336647 
  2587,0.000336647 
  2588,0.000336647 
  2589,0.000336647 
  2590,0.000336647 
  2591,0.000336647 
  2592,0.000336647 
  2593,0.000335693 
  2594,0.000335693 
  2595,0.000335693 
  2596,0.000335693 
  2597,0.000335693 
  2598,0.000335693 
  2599,0.000335693 
  2600,0.000335693 
  2601,0.000335693 
  2602,0.00033474 
  2603,0.00033474 
  2604,0.00033474 
  2605,0.00033474 
  2606,0.00033474 
  2607,0.00033474 
  2608,0.00033474 
  2609,0.00033474 
  2610,0.00033474 
  2611,0.000333786 
  2612,0.000333786 
  2613,0.000333786 
  2614,0.000333786 
  2615,0.000333786 
  2616,0.000333786 
  2617,0.000333786 
  2618,0.000333786 
  2619,0.000333786 
  2620,0.000332832 
  2621,0.000332832 
  2622,0.000332832 
  2623,0.000332832 
  2624,0.000332832 
  2625,0.000332832 
  2626,0.000332832 
  2627,0.000332832 
  2628,0.000332832 
  2629,0.000331879 
  2630,0.000331879 
  2631,0.000331879 
  2632,0.000331879 
  2633,0.000331879 
  2634,0.000331879 
  2635,0.000331879 
  2636,0.000331879 
  2637,0.000331879 
  2638,0.000330925 
  2639,0.000330925 
  2640,0.000330925 
  2641,0.000330925 
  2642,0.000330925 
  2643,0.000330925 
  2644,0.000330925 
  2645,0.000330925 
  2646,0.000330925 
  2647,0.000329971 
  2648,0.000329971 
  2649,0.000329971 
  2650,0.000329971 
  2651,0.000329971 
  2652,0.000329971 
  2653,0.000329971 
  2654,0.000329971 
  2655,0.000329971 
  2656,0.000329971 
  2657,0.000329018 
  2658,0.000329018 
  2659,0.000329018 
  2660,0.000268936 
  2661,0.000329018 
  2662,0.000268936 
  2663,0.000329018 
  2664,0.000267982 
  2665,0.000267982 
  2666,0.000328064 
  2667,0.000328064 
  2668,0.000267982 
  2669,0.000267982 
  2670,0.000267982 
  2671,0.000328064 
  2672,0.000267982 
  2673,0.000328064 
  2674,0.000267029 
  2675,0.000267029 
  2676,0.00032711 
  2677,0.000267029 
  2678,0.00032711 
  2679,0.00032711 
  2680,0.000267029 
  2681,0.000267029 
  2682,0.000267029 
  2683,0.00032711 
  2684,0.000267029 
  2685,0.00032711 
  2686,0.000326157 
  2687,0.000266075 
  2688,0.000326157 
  2689,0.000266075 
  2690,0.000326157 
  2691,0.000266075 
  2692,0.000266075 
  2693,0.000326157 
  2694,0.000326157 
  2695,0.000266075 
  2696,0.000266075 
  2697,0.000325203 
  2698,0.000265121 
  2699,0.000265121 
  2700,0.000265121 
  2701,0.000265121 
  2702,0.000325203 
  2703,0.000325203 
  2704,0.000325203 
  2705,0.000324249 
  2706,0.000324249 
  2707,0.000265121 
  2708,0.000324249 
  2709,0.000324249 
  2710,0.000324249 
  2711,0.000324249 
  2712,0.000324249 
  2713,0.000324249 
  2714,0.000264168 
  2715,0.000323296 
  2716,0.000323296 
  2717,0.000323296 
  2718,0.000323296 
  2719,0.000264168 
  2720,0.000264168 
  2721,0.000323296 
  2722,0.000323296 
  2723,0.000323296 
  2724,0.000323296 
  2725,0.000322342 
  2726,0.000263214 
  2727,0.000322342 
  2728,0.000322342 
  2729,0.000322342 
  2730,0.000322342 
  2731,0.000322342 
  2732,0.000322342 
  2733,0.000322342 
  2734,0.000263214 
  2735,0.000321388 
  2736,0.00026226 
  2737,0.00026226 
  2738,0.000321388 
  2739,0.000321388 
  2740,0.00026226 
  2741,0.00026226 
  2742,0.00026226 
  2743,0.00026226 
  2744,0.00026226 
  2745,0.00026226 
  2746,0.00026226 
  2747,0.00026226 
  2748,0.000261307 
  2749,0.000261307 
  2750,0.000261307 
  2751,0.000261307 
  2752,0.000261307 
  2753,0.000261307 
  2754,0.000261307 
  2755,0.000261307 
  2756,0.000261307 
  2757,0.000261307 
  2758,0.000261307 
  2759,0.000261307 
  2760,0.000261307 
  2761,0.000260353 
  2762,0.000260353 
  2763,0.000260353 
  2764,0.000260353 
  2765,0.000260353 
  2766,0.000260353 
  2767,0.000260353 
  2768,0.000260353 
  2769,0.000260353 
  2770,0.000260353 
  2771,0.000260353 
  2772,0.000260353 
  2773,0.000260353 
  2774,0.000260353 
  2775,0.000259399 
  2776,0.000259399 
  2777,0.000259399 
  2778,0.000259399 
  2779,0.000259399 
  2780,0.000259399 
  2781,0.000259399 
  2782,0.000259399 
  2783,0.000259399 
  2784,0.000259399 
  2785,0.000259399 
  2786,0.000259399 
  2787,0.000259399 
  2788,0.000258446 
  2789,0.000258446 
  2790,0.000258446 
  2791,0.000258446 
  2792,0.000258446 
  2793,0.000258446 
  2794,0.000258446 
  2795,0.000258446 
  2796,0.000258446 
  2797,0.000258446 
  2798,0.000258446 
  2799,0.000258446 
  2800,0.000258446 
  2801,0.000258446 
  2802,0.000257492 
  2803,0.000257492 
  2804,0.000257492 
  2805,0.000257492 
  2806,0.000257492 
  2807,0.000257492 
  2808,0.000257492 
  2809,0.000257492 
  2810,0.000257492 
  2811,0.000257492 
  2812,0.000257492 
  2813,0.000257492 
  2814,0.000257492 
  2815,0.000257492 
  2816,0.000257492 
  2817,0.000256538 
  2818,0.000256538 
  2819,0.000256538 
  2820,0.000256538 
  2821,0.000256538 
  2822,0.000256538 
  2823,0.000256538 
  2824,0.000256538 
  2825,0.000256538 
  2826,0.000256538 
  2827,0.000256538 
  2828,0.000256538 
  2829,0.000256538 
  2830,0.000256538 
  2831,0.000255585 
  2832,0.000255585 
  2833,0.000255585 
  2834,0.000255585 
  2835,0.000255585 
  2836,0.000255585 
  2837,0.000255585 
  2838,0.000255585 
  2839,0.000255585 
  2840,0.000255585 
  2841,0.000255585 
  2842,0.000255585 
  2843,0.000255585 
  2844,0.000255585 
  2845,0.000255585 
  2846,0.000254631 
  2847,0.000254631 
  2848,0.000254631 
  2849,0.000254631 
  2850,0.000254631 
  2851,0.000254631 
  2852,0.000254631 
  2853,0.000254631 
  2854,0.000254631 
  2855,0.000254631 
  2856,0.000254631 
  2857,0.000254631 
  2858,0.000254631 
  2859,0.000254631 
  2860,0.000254631 
  2861,0.000253677 
  2862,0.000253677 
  2863,0.000253677 
  2864,0.000253677 
  2865,0.000253677 
  2866,0.000253677 
  2867,0.000253677 
  2868,0.000253677 
  2869,0.000253677 
  2870,0.000253677 
  2871,0.000253677 
  2872,0.000253677 
  2873,0.000253677 
  2874,0.000253677 
  2875,0.000253677 
  2876,0.000253677 
  2877,0.000252724 
  2878,0.000252724 
  2879,0.000252724 
  2880,0.000252724 
  2881,0.000252724 
  2882,0.000252724 
  2883,0.000252724 
  2884,0.000252724 
  2885,0.000252724 
  2886,0.000252724 
  2887,0.000252724 
  2888,0.000252724 
  2889,0.000252724 
  2890,0.000252724 
  2891,0.000252724 
  2892,0.00025177 
  2893,0.00025177 
  2894,0.00025177 
  2895,0.00025177 
  2896,0.00025177 
  2897,0.00025177 
  2898,0.00025177 
  2899,0.00025177 
  2900,0.00025177 
  2901,0.00025177 
  2902,0.00025177 
  2903,0.00025177 
  2904,0.00025177 
  2905,0.00025177 
  2906,0.00025177 
  2907,0.00025177 
  2908,0.000250816 
  2909,0.000250816 
  2910,0.000250816 
  2911,0.000250816 
  2912,0.000250816 
  2913,0.000250816 
  2914,0.000250816 
  2915,0.000250816 
  2916,0.000250816 
  2917,0.000250816 
  2918,0.000250816 
  2919,0.000250816 
  2920,0.000250816 
  2921,0.000250816 
  2922,0.000250816 
  2923,0.000250816 
  2924,0.000250816 
  2925,0.000249863 
  2926,0.000249863 
  2927,0.000249863 
  2928,0.000249863 
  2929,0.000249863 
  2930,0.000249863 
  2931,0.000249863 
  2932,0.000249863 
  2933,0.000249863 
  2934,0.000249863 
  2935,0.000249863 
  2936,0.000249863 
  2937,0.000249863 
  2938,0.000249863 
  2939,0.000249863 
  2940,0.000249863 
  2941,0.000248909 
  2942,0.000248909 
  2943,0.000248909 
  2944,0.000248909 
  2945,0.000248909 
  2946,0.000248909 
  2947,0.000248909 
  2948,0.000248909 
  2949,0.000248909 
  2950,0.000248909 
  2951,0.000248909 
  2952,0.000248909 
  2953,0.000248909 
  2954,0.000248909 
  2955,0.000248909 
  2956,0.000248909 
  2957,0.000247955 
  2958,0.000247955 
  2959,0.000247955 
  2960,0.000247955 
  2961,0.000247955 
  2962,0.000247955 
  2963,0.000247955 
  2964,0.000247955 
  2965,0.000247955 
  2966,0.000247955 
  2967,0.000247955 
  2968,0.000247955 
  2969,0.000247955 
  2970,0.000247955 
  2971,0.000247955 
  2972,0.000247955 
  2973,0.000247955 
  2974,0.000247002 
  2975,0.000247002 
  2976,0.000247002 
  2977,0.000247002 
  2978,0.000247002 
  2979,0.000247002 
  2980,0.000247002 
  2981,0.000247002 
  2982,0.000247002 
  2983,0.000247002 
  2984,0.000247002 
  2985,0.000247002 
  2986,0.000247002 
  2987,0.000247002 
  2988,0.000247002 
  2989,0.000247002 
  2990,0.000247002 
  2991,0.000246048 
  2992,0.000246048 
  2993,0.000246048 
  2994,0.000246048 
  2995,0.000246048 
  2996,0.000246048 
  2997,0.000246048 
  2998,0.000246048 
  2999,0.000246048 
  3000,0.000246048 
  3001,0.000246048 
  3002,0.000246048 
  3003,0.000246048 
  3004,0.000246048 
  3005,0.000246048 
  3006,0.000246048 
  3007,0.000246048 
  3008,0.000246048 
  3009,0.000245094 
  3010,0.000245094 
  3011,0.000245094 
  3012,0.000245094 
  3013,0.000245094 
  3014,0.000245094 
  3015,0.000245094 
  3016,0.000245094 
  3017,0.000245094 
  3018,0.000245094 
  3019,0.000245094 
  3020,0.000245094 
  3021,0.000245094 
  3022,0.000245094 
  3023,0.000245094 
  3024,0.000245094 
  3025,0.000245094 
  3026,0.000245094 
  3027,0.000245094 
  3028,0.000244141 
  3029,0.000244141 
  3030,0.000244141 
  3031,0.000244141 
  3032,0.000244141 
  3033,0.000244141 
  3034,0.000244141 
  3035,0.000244141 
  3036,0.000244141 
  3037,0.000244141 
  3038,0.000244141 
  3039,0.000244141 
  3040,0.000244141 
  3041,0.000244141 
  3042,0.000244141 
  3043,0.000244141 
  3044,0.000244141 
  3045,0.000244141 
  3046,0.000244141 
  3047,0.000243187 
  3048,0.000243187 
  3049,0.000243187 
  3050,0.000243187 
  3051,0.000243187 
  3052,0.000243187 
  3053,0.000243187 
  3054,0.000243187 
  3055,0.000243187 
  3056,0.000243187 
  3057,0.000243187 
  3058,0.000243187 
  3059,0.000243187 
  3060,0.000243187 
  3061,0.000243187 
  3062,0.000243187 
  3063,0.000243187 
  3064,0.000243187 
  3065,0.000242233 
  3066,0.000242233 
  3067,0.000242233 
  3068,0.000242233 
  3069,0.000242233 
  3070,0.000242233 
  3071,0.000242233 
  3072,0.000242233 
  3073,0.000242233 
  3074,0.000242233 
  3075,0.000242233 
  3076,0.000242233 
  3077,0.000242233 
  3078,0.000242233 
  3079,0.000242233 
  3080,0.000242233 
  3081,0.000242233 
  3082,0.000242233 
  3083,0.000242233 
  3084,0.00024128 
  3085,0.00024128 
  3086,0.00024128 
  3087,0.00024128 
  3088,0.00024128 
  3089,0.00024128 
  3090,0.00024128 
  3091,0.00024128 
  3092,0.00024128 
  3093,0.00024128 
  3094,0.00024128 
  3095,0.00024128 
  3096,0.00024128 
  3097,0.00024128 
  3098,0.00024128 
  3099,0.00024128 
  3100,0.00024128 
  3101,0.00024128 
  3102,0.00024128 
  3103,0.00024128 
  3104,0.00024128 
  3105,0.000240326 
  3106,0.000240326 
  3107,0.000240326 
  3108,0.000240326 
  3109,0.000240326 
  3110,0.000240326 
  3111,0.000240326 
  3112,0.000240326 
  3113,0.000240326 
  3114,0.000240326 
  3115,0.000240326 
  3116,0.000240326 
  3117,0.000240326 
  3118,0.000240326 
  3119,0.000240326 
  3120,0.000240326 
  3121,0.000240326 
  3122,0.000240326 
  3123,0.000240326 
  3124,0.000240326 
  3125,0.000240326 
  3126,0.000239372 
  3127,0.000239372 
  3128,0.000239372 
  3129,0.000239372 
  3130,0.000239372 
  3131,0.000239372 
  3132,0.000239372 
  3133,0.000239372 
  3134,0.000239372 
  3135,0.000239372 
  3136,0.000239372 
  3137,0.000239372 
  3138,0.000239372 
  3139,0.000239372 
  3140,0.000239372 
  3141,0.000239372 
  3142,0.000239372 
  3143,0.000239372 
  3144,0.000239372 
  3145,0.000239372 
  3146,0.000238419 
  3147,0.000238419 
  3148,0.000238419 
  3149,0.000238419 
  3150,0.000238419 
  3151,0.000238419 
  3152,0.000238419 
  3153,0.000238419 
  3154,0.000238419 
  3155,0.000238419 
  3156,0.000238419 
  3157,0.000238419 
  3158,0.000238419 
  3159,0.000238419 
  3160,0.000238419 
  3161,0.000238419 
  3162,0.000238419 
  3163,0.000238419 
  3164,0.000238419 
  3165,0.000238419 
  3166,0.000238419 
  3167,0.000238419 
  3168,0.000237465 
  3169,0.000237465 
  3170,0.000237465 
  3171,0.000237465 
  3172,0.000237465 
  3173,0.000237465 
  3174,0.000237465 
  3175,0.000237465 
  3176,0.000237465 
  3177,0.000237465 
  3178,0.000237465 
  3179,0.000237465 
  3180,0.000237465 
  3181,0.000237465 
  3182,0.000237465 
  3183,0.000237465 
  3184,0.000237465 
  3185,0.000237465 
  3186,0.000237465 
  3187,0.000237465 
  3188,0.000237465 
  3189,0.000236511 
  3190,0.000236511 
  3191,0.000236511 
  3192,0.000236511 
  3193,0.000236511 
  3194,0.000236511 
  3195,0.000236511 
  3196,0.000236511 
  3197,0.000236511 
  3198,0.000236511 
  3199,0.000236511 
  3200,0.000236511 
  3201,0.000236511 
  3202,0.000236511 
  3203,0.000236511 
  3204,0.000236511 
  3205,0.000236511 
  3206,0.000236511 
  3207,0.000236511 
  3208,0.000236511 
  3209,0.000236511 
  3210,0.000235558 
  3211,0.000235558 
  3212,0.000235558 
  3213,0.000235558 
  3214,0.000235558 
  3215,0.000235558 
  3216,0.000235558 
  3217,0.000235558 
  3218,0.000235558 
  3219,0.000235558 
  3220,0.000235558 
  3221,0.000235558 
  3222,0.000235558 
  3223,0.000235558 
  3224,0.000235558 
  3225,0.000235558 
  3226,0.000235558 
  3227,0.000235558 
  3228,0.000235558 
  3229,0.000235558 
  3230,0.000235558 
  3231,0.000234604 
  3232,0.000234604 
  3233,0.000234604 
  3234,0.000234604 
  3235,0.000234604 
  3236,0.000234604 
  3237,0.000234604 
  3238,0.000234604 
  3239,0.000234604 
  3240,0.000234604 
  3241,0.000234604 
  3242,0.000234604 
  3243,0.000234604 
  3244,0.000234604 
  3245,0.000234604 
  3246,0.000234604 
  3247,0.000234604 
  3248,0.000234604 
  3249,0.000234604 
  3250,0.000234604 
  3251,0.000234604 
  3252,0.000234604 
  3253,0.00023365 
  3254,0.00023365 
  3255,0.00023365 
  3256,0.00023365 
  3257,0.00023365 
  3258,0.00023365 
  3259,0.00023365 
  3260,0.00023365 
  3261,0.00023365 
  3262,0.00023365 
  3263,0.00023365 
  3264,0.00023365 
  3265,0.00023365 
  3266,0.00023365 
  3267,0.00023365 
  3268,0.00023365 
  3269,0.00023365 
  3270,0.00023365 
  3271,0.00023365 
  3272,0.00023365 
  3273,0.00023365 
  3274,0.00023365 
  3275,0.000232697 
  3276,0.000232697 
  3277,0.000232697 
  3278,0.000232697 
  3279,0.000232697 
  3280,0.000232697 
  3281,0.000232697 
  3282,0.000232697 
  3283,0.000232697 
  3284,0.000232697 
  3285,0.000232697 
  3286,0.000232697 
  3287,0.000232697 
  3288,0.000232697 
  3289,0.000232697 
  3290,0.000232697 
  3291,0.000232697 
  3292,0.000232697 
  3293,0.000232697 
  3294,0.000232697 
  3295,0.000232697 
  3296,0.000232697 
  3297,0.000231743 
  3298,0.000231743 
  3299,0.000231743 
  3300,0.000231743 
  3301,0.000231743 
  3302,0.000231743 
  3303,0.000231743 
  3304,0.000231743 
  3305,0.000231743 
  3306,0.000231743 
  3307,0.000231743 
  3308,0.000231743 
  3309,0.000231743 
  3310,0.000231743 
  3311,0.000231743 
  3312,0.000231743 
  3313,0.000231743 
  3314,0.000231743 
  3315,0.000231743 
  3316,0.000231743 
  3317,0.000231743 
  3318,0.000231743 
  3319,0.000163078 
  3320,0.000230789 
  3321,0.000230789 
  3322,0.000230789 
  3323,0.000163078 
  3324,0.000163078 
  3325,0.000163078 
  3326,0.000163078 
  3327,0.000163078 
  3328,0.000163078 
  3329,0.000163078 
  3330,0.000163078 
  3331,0.000163078 
  3332,0.000163078 
  3333,0.000163078 
  3334,0.000163078 
  3335,0.000163078 
  3336,0.000163078 
  3337,0.000163078 
  3338,0.000163078 
  3339,0.000163078 
  3340,0.000163078 
  3341,0.000163078 
  3342,0.000163078 
  3343,0.000163078 
  3344,0.000163078 
  3345,0.000163078 
  3346,0.000163078 
  3347,0.000163078 
  3348,0.000162125 
  3349,0.000162125 
  3350,0.000162125 
  3351,0.000162125 
  3352,0.000162125 
  3353,0.000162125 
  3354,0.000162125 
  3355,0.000162125 
  3356,0.000162125 
  3357,0.000162125 
  3358,0.000162125 
  3359,0.000162125 
  3360,0.000162125 
  3361,0.000162125 
  3362,0.000162125 
  3363,0.000162125 
  3364,0.000162125 
  3365,0.000162125 
  3366,0.000162125 
  3367,0.000162125 
  3368,0.000162125 
  3369,0.000162125 
  3370,0.000162125 
  3371,0.000162125 
  3372,0.000162125 
  3373,0.000162125 
  3374,0.000162125 
  3375,0.000162125 
  3376,0.000162125 
  3377,0.000162125 
  3378,0.000162125 
  3379,0.000162125 
  3380,0.000162125 
  3381,0.000162125 
  3382,0.000162125 
  3383,0.000162125 
  3384,0.000161171 
  3385,0.000161171 
  3386,0.000161171 
  3387,0.000161171 
  3388,0.000161171 
  3389,0.000161171 
  3390,0.000161171 
  3391,0.000161171 
  3392,0.000161171 
  3393,0.000161171 
  3394,0.000161171 
  3395,0.000161171 
  3396,0.000161171 
  3397,0.000161171 
  3398,0.000161171 
  3399,0.000161171 
  3400,0.000161171 
  3401,0.000161171 
  3402,0.000161171 
  3403,0.000161171 
  3404,0.000161171 
  3405,0.000161171 
  3406,0.000161171 
  3407,0.000161171 
  3408,0.000161171 
  3409,0.000161171 
  3410,0.000161171 
  3411,0.000161171 
  3412,0.000161171 
  3413,0.000161171 
  3414,0.000161171 
  3415,0.000161171 
  3416,0.000161171 
  3417,0.000161171 
  3418,0.000161171 
  3419,0.000161171 
  3420,0.000160217 
  3421,0.000160217 
  3422,0.000160217 
  3423,0.000160217 
  3424,0.000160217 
  3425,0.000160217 
  3426,0.000160217 
  3427,0.000160217 
  3428,0.000160217 
  3429,0.000160217 
  3430,0.000160217 
  3431,0.000160217 
  3432,0.000160217 
  3433,0.000160217 
  3434,0.000160217 
  3435,0.000160217 
  3436,0.000160217 
  3437,0.000160217 
  3438,0.000160217 
  3439,0.000160217 
  3440,0.000160217 
  3441,0.000160217 
  3442,0.000160217 
  3443,0.000160217 
  3444,0.000160217 
  3445,0.000160217 
  3446,0.000160217 
  3447,0.000160217 
  3448,0.000160217 
  3449,0.000160217 
  3450,0.000160217 
  3451,0.000160217 
  3452,0.000160217 
  3453,0.000160217 
  3454,0.000160217 
  3455,0.000160217 
  3456,0.000160217 
  3457,0.000159264 
  3458,0.000159264 
  3459,0.000159264 
  3460,0.000159264 
  3461,0.000159264 
  3462,0.000159264 
  3463,0.000159264 
  3464,0.000159264 
  3465,0.000159264 
  3466,0.000159264 
  3467,0.000159264 
  3468,0.000159264 
  3469,0.000159264 
  3470,0.000159264 
  3471,0.000159264 
  3472,0.000159264 
  3473,0.000159264 
  3474,0.000159264 
  3475,0.000159264 
  3476,0.000159264 
  3477,0.000159264 
  3478,0.000159264 
  3479,0.000159264 
  3480,0.000159264 
  3481,0.000159264 
  3482,0.000159264 
  3483,0.000159264 
  3484,0.000159264 
  3485,0.000159264 
  3486,0.000159264 
  3487,0.000159264 
  3488,0.000159264 
  3489,0.000159264 
  3490,0.000159264 
  3491,0.000159264 
  3492,0.000159264 
  3493,0.000159264 
  3494,0.00015831 
  3495,0.00015831 
  3496,0.00015831 
  3497,0.00015831 
  3498,0.00015831 
  3499,0.00015831 
  3500,0.00015831 
  3501,0.00015831 
  3502,0.00015831 
  3503,0.00015831 
  3504,0.00015831 
  3505,0.00015831 
  3506,0.00015831 
  3507,0.00015831 
  3508,0.00015831 
  3509,0.00015831 
  3510,0.00015831 
  3511,0.00015831 
  3512,0.00015831 
  3513,0.00015831 
  3514,0.00015831 
  3515,0.00015831 
  3516,0.00015831 
  3517,0.00015831 
  3518,0.00015831 
  3519,0.00015831 
  3520,0.00015831 
  3521,0.00015831 
  3522,0.00015831 
  3523,0.00015831 
  3524,0.00015831 
  3525,0.00015831 
  3526,0.00015831 
  3527,0.00015831 
  3528,0.00015831 
  3529,0.00015831 
  3530,0.00015831 
  3531,0.00015831 
  3532,0.000157356 
  3533,0.000157356 
  3534,0.000157356 
  3535,0.000157356 
  3536,0.000157356 
  3537,0.000157356 
  3538,0.000157356 
  3539,0.000157356 
  3540,0.000157356 
  3541,0.000157356 
  3542,0.000157356 
  3543,0.000157356 
  3544,0.000157356 
  3545,0.000157356 
  3546,0.000157356 
  3547,0.000157356 
  3548,0.000157356 
  3549,0.000157356 
  3550,0.000157356 
  3551,0.000157356 
  3552,0.000157356 
  3553,0.000157356 
  3554,0.000157356 
  3555,0.000157356 
  3556,0.000157356 
  3557,0.000157356 
  3558,0.000157356 
  3559,0.000157356 
  3560,0.000157356 
  3561,0.000157356 
  3562,0.000157356 
  3563,0.000157356 
  3564,0.000157356 
  3565,0.000157356 
  3566,0.000157356 
  3567,0.000157356 
  3568,0.000157356 
  3569,0.000157356 
  3570,0.000157356 
  3571,0.000157356 
  3572,0.000156403 
  3573,0.000156403 
  3574,0.000156403 
  3575,0.000156403 
  3576,0.000156403 
  3577,0.000156403 
  3578,0.000156403 
  3579,0.000156403 
  3580,0.000156403 
  3581,0.000156403 
  3582,0.000156403 
  3583,0.000156403 
  3584,0.000156403 
  3585,0.000156403 
  3586,0.000156403 
  3587,0.000156403 
  3588,0.000156403 
  3589,0.000156403 
  3590,0.000156403 
  3591,0.000156403 
  3592,0.000156403 
  3593,0.000156403 
  3594,0.000156403 
  3595,0.000156403 
  3596,0.000156403 
  3597,0.000156403 
  3598,0.000156403 
  3599,0.000156403 
  3600,0.000156403 
  3601,0.000156403 
  3602,0.000156403 
  3603,0.000156403 
  3604,0.000156403 
  3605,0.000156403 
  3606,0.000156403 
  3607,0.000156403 
  3608,0.000156403 
  3609,0.000156403 
  3610,0.000156403 
  3611,0.000156403 
  3612,0.000156403 
  3613,0.000156403 
  3614,0.000156403 
  3615,0.000156403 
  3616,0.000156403 
  3617,0.000156403 
  3618,0.000156403 
  3619,0.000156403 
  3620,0.000156403 
  3621,0.000156403 
  3622,0.000156403 
  3623,0.000156403 
  3624,0.000156403 
  3625,0.000156403 
  3626,0.000156403 
  3627,0.000156403 
  3628,0.000156403 
  3629,0.000156403 
  3630,0.000156403 
  3631,0.000156403 
  3632,0.000155449 
  3633,0.000155449 
  3634,0.000155449 
  3635,0.000155449 
  3636,0.000155449 
  3637,0.000155449 
  3638,0.000155449 
  3639,0.000155449 
  3640,0.000155449 
  3641,0.000155449 
  3642,0.000155449 
  3643,0.000155449 
  3644,0.000155449 
  3645,0.000155449 
  3646,0.000155449 
  3647,0.000155449 
  3648,0.000155449 
  3649,0.000155449 
  3650,0.000155449 
  3651,0.000155449 
  3652,0.000155449 
  3653,0.000155449 
  3654,0.000155449 
  3655,0.000155449 
  3656,0.000155449 
  3657,0.000155449 
  3658,0.000155449 
  3659,0.000155449 
  3660,0.000155449 
  3661,0.000155449 
  3662,0.000155449 
  3663,0.000155449 
  3664,0.000155449 
  3665,0.000155449 
  3666,0.000155449 
  3667,0.000155449 
  3668,0.000155449 
  3669,0.000155449 
  3670,0.000155449 
  3671,0.000155449 
  3672,0.000155449 
  3673,0.000155449 
  3674,0.000155449 
  3675,0.000155449 
  3676,0.000155449 
  3677,0.000155449 
