# iteration error 
  0,0.133271 
  1,0.0589828 
  2,0.0535603 
  3,0.0512304 
  4,0.050024 
  5,0.0494108 
  6,0.0494108 
  7,0.048789 
  8,0.048789 
  9,0.048789 
  10,0.048789 
  11,0.0481596 
  12,0.0481596 
  13,0.0481596 
  14,0.0481596 
  15,0.0481596 
  16,0.0481596 
  17,0.0481596 
  18,0.0475216 
  19,0.0475216 
  20,0.0475216 
  21,0.0475216 
  22,0.0475216 
  23,0.0475216 
  24,0.0475216 
  25,0.0475216 
  26,0.0475216 
  27,0.046875 
  28,0.046875 
  29,0.046875 
  30,0.046875 
  31,0.046875 
  32,0.046875 
  33,0.046875 
  34,0.046875 
  35,0.046875 
  36,0.046875 
  37,0.046875 
  38,0.046875 
  39,0.046875 
  40,0.046875 
  41,0.0462198 
  42,0.0462198 
  43,0.0462198 
  44,0.0462198 
  45,0.0462198 
  46,0.0462198 
  47,0.0462198 
  48,0.0462198 
  49,0.0462198 
  50,0.0462198 
  51,0.0462198 
  52,0.0462198 
  53,0.0462198 
  54,0.0462198 
  55,0.0462198 
  56,0.0462198 
  57,0.0462198 
  58,0.0462198 
  59,0.0462198 
  60,0.0462198 
  61,0.0462198 
  62,0.0462198 
  63,0.0462198 
  64,0.0455542 
  65,0.0462198 
  66,0.0455542 
  67,0.0455542 
  68,0.0455542 
  69,0.0455542 
  70,0.0455542 
  71,0.0455542 
  72,0.0455542 
  73,0.0455542 
  74,0.0455542 
  75,0.0455542 
  76,0.0455542 
  77,0.0455542 
  78,0.0455542 
  79,0.0455542 
  80,0.0455542 
  81,0.0455542 
  82,0.0455542 
  83,0.0455542 
  84,0.0455542 
  85,0.0455542 
  86,0.0455542 
  87,0.0455542 
  88,0.0455542 
  89,0.0455542 
  90,0.0455542 
  91,0.0455542 
  92,0.0455542 
  93,0.0455542 
  94,0.0455542 
  95,0.0455542 
  96,0.0455542 
  97,0.0455542 
  98,0.0455542 
  99,0.0455542 
  100,0.0455542 
  101,0.0455542 
  102,0.0455542 
  103,0.0455542 
  104,0.0455542 
  105,0.0455542 
  106,0.0455542 
  107,0.0455542 
  108,0.0455542 
  109,0.0455542 
  110,0.044879 
  111,0.044879 
  112,0.044879 
  113,0.0455542 
  114,0.044879 
  115,0.0455542 
  116,0.044879 
  117,0.044879 
  118,0.044879 
  119,0.044879 
  120,0.044879 
  121,0.044879 
  122,0.044879 
  123,0.044879 
  124,0.044879 
  125,0.044879 
  126,0.044879 
  127,0.044879 
  128,0.044879 
  129,0.044879 
  130,0.044879 
  131,0.044879 
  132,0.044879 
  133,0.044879 
  134,0.044879 
  135,0.044879 
  136,0.044879 
  137,0.044879 
  138,0.044879 
  139,0.044879 
  140,0.044879 
  141,0.044879 
  142,0.044879 
  143,0.044879 
  144,0.044879 
  145,0.044879 
  146,0.044879 
  147,0.044879 
  148,0.044879 
  149,0.044879 
  150,0.044879 
  151,0.044879 
  152,0.044879 
  153,0.044879 
  154,0.044879 
  155,0.044879 
  156,0.044879 
  157,0.044879 
  158,0.044879 
  159,0.044879 
  160,0.044879 
  161,0.044879 
  162,0.044879 
  163,0.044879 
  164,0.044879 
  165,0.044879 
  166,0.044879 
  167,0.044879 
  168,0.044879 
  169,0.044879 
  170,0.044879 
  171,0.044879 
  172,0.044879 
  173,0.044879 
  174,0.044879 
  175,0.044879 
  176,0.044879 
  177,0.044879 
  178,0.044879 
  179,0.044879 
  180,0.044879 
  181,0.044879 
  182,0.044879 
  183,0.044879 
  184,0.044879 
  185,0.044879 
  186,0.044879 
  187,0.044879 
  188,0.044879 
  189,0.044879 
  190,0.044879 
  191,0.044879 
  192,0.044879 
  193,0.044879 
  194,0.044879 
  195,0.044879 
  196,0.044879 
  197,0.044879 
  198,0.044879 
  199,0.044879 
  200,0.044879 
  201,0.044879 
  202,0.044879 
  203,0.044879 
  204,0.044879 
  205,0.044879 
  206,0.044879 
  207,0.044879 
  208,0.044879 
  209,0.044879 
  210,0.044879 
  211,0.044879 
  212,0.044879 
  213,0.044879 
  214,0.044879 
  215,0.044879 
  216,0.0441942 
  217,0.044879 
  218,0.0441942 
  219,0.0441942 
  220,0.044879 
  221,0.0441942 
  222,0.0441942 
  223,0.044879 
  224,0.0441942 
  225,0.0441942 
  226,0.044879 
  227,0.044879 
  228,0.0441942 
  229,0.044879 
  230,0.044879 
  231,0.0441942 
  232,0.0441942 
  233,0.0441942 
  234,0.044879 
  235,0.0441942 
  236,0.0441942 
  237,0.044879 
  238,0.0441942 
  239,0.0441942 
  240,0.0441942 
  241,0.0441942 
  242,0.0441942 
  243,0.0441942 
  244,0.0441942 
  245,0.0441942 
  246,0.0441942 
  247,0.0441942 
  248,0.0441942 
  249,0.0441942 
  250,0.0441942 
  251,0.0441942 
  252,0.0441942 
  253,0.0441942 
  254,0.0441942 
  255,0.0441942 
  256,0.0441942 
  257,0.0441942 
  258,0.0441942 
  259,0.0441942 
  260,0.0441942 
  261,0.0441942 
  262,0.0441942 
  263,0.0441942 
  264,0.0441942 
  265,0.0441942 
  266,0.0441942 
  267,0.0441942 
  268,0.0441942 
  269,0.0441942 
  270,0.0441942 
  271,0.0441942 
  272,0.0441942 
  273,0.0441942 
  274,0.0441942 
  275,0.0441942 
  276,0.0441942 
  277,0.0441942 
  278,0.0441942 
  279,0.0441942 
  280,0.0441942 
  281,0.0441942 
  282,0.0441942 
  283,0.0441942 
  284,0.0441942 
  285,0.0441942 
  286,0.0441942 
  287,0.0441942 
  288,0.0441942 
  289,0.0441942 
  290,0.0441942 
  291,0.0441942 
  292,0.0441942 
  293,0.0441942 
  294,0.0441942 
  295,0.0441942 
  296,0.0441942 
  297,0.0441942 
  298,0.0441942 
  299,0.0441942 
  300,0.0441942 
  301,0.0441942 
  302,0.0441942 
  303,0.0441942 
  304,0.0441942 
  305,0.0441942 
  306,0.0441942 
  307,0.0441942 
  308,0.0441942 
  309,0.0441942 
  310,0.0441942 
  311,0.0441942 
  312,0.0441942 
  313,0.0441942 
  314,0.0441942 
  315,0.0441942 
  316,0.0441942 
  317,0.0441942 
  318,0.0441942 
  319,0.0441942 
  320,0.0441942 
  321,0.0441942 
  322,0.0441942 
  323,0.0441942 
  324,0.0441942 
  325,0.0441942 
  326,0.0441942 
  327,0.0441942 
  328,0.0441942 
  329,0.0441942 
  330,0.0441942 
  331,0.0441942 
  332,0.0441942 
  333,0.0441942 
  334,0.0441942 
  335,0.0441942 
  336,0.0441942 
  337,0.0441942 
  338,0.0441942 
  339,0.0441942 
  340,0.0441942 
  341,0.0441942 
  342,0.0441942 
  343,0.0441942 
  344,0.0441942 
  345,0.0441942 
  346,0.0441942 
  347,0.0441942 
  348,0.0441942 
  349,0.0441942 
  350,0.0441942 
  351,0.0441942 
  352,0.0441942 
  353,0.0441942 
  354,0.0441942 
  355,0.0441942 
  356,0.0441942 
  357,0.0441942 
  358,0.0441942 
  359,0.0441942 
  360,0.0441942 
  361,0.0441942 
  362,0.0441942 
  363,0.0441942 
  364,0.0441942 
  365,0.0441942 
  366,0.0441942 
  367,0.0441942 
  368,0.0441942 
  369,0.0441942 
  370,0.0441942 
  371,0.0441942 
  372,0.0441942 
  373,0.0441942 
  374,0.0441942 
  375,0.0441942 
  376,0.0441942 
  377,0.0441942 
  378,0.0441942 
  379,0.0441942 
  380,0.0441942 
  381,0.0441942 
  382,0.0441942 
  383,0.0441942 
  384,0.0441942 
  385,0.0441942 
  386,0.0441942 
  387,0.0441942 
  388,0.0441942 
  389,0.0441942 
  390,0.0441942 
  391,0.0441942 
  392,0.0441942 
  393,0.0441942 
  394,0.0441942 
  395,0.0441942 
  396,0.0441942 
  397,0.0441942 
  398,0.0441942 
  399,0.0441942 
  400,0.0441942 
  401,0.0441942 
  402,0.0441942 
  403,0.0441942 
  404,0.0441942 
  405,0.0441942 
  406,0.0441942 
  407,0.0441942 
  408,0.0441942 
  409,0.0441942 
  410,0.0441942 
  411,0.0441942 
  412,0.0441942 
  413,0.0441942 
  414,0.0441942 
  415,0.0441942 
  416,0.0441942 
  417,0.0441942 
  418,0.0441942 
  419,0.0441942 
  420,0.0441942 
  421,0.0441942 
  422,0.0441942 
  423,0.0441942 
  424,0.0441942 
  425,0.0441942 
  426,0.0441942 
  427,0.0441942 
  428,0.0441942 
  429,0.0441942 
  430,0.0441942 
  431,0.0441942 
  432,0.0441942 
  433,0.0441942 
  434,0.0441942 
  435,0.0441942 
  436,0.0441942 
  437,0.0441942 
  438,0.0441942 
  439,0.0441942 
  440,0.0441942 
  441,0.0441942 
  442,0.0441942 
  443,0.0441942 
  444,0.0441942 
  445,0.0441942 
  446,0.0441942 
  447,0.0441942 
  448,0.0441942 
  449,0.0441942 
  450,0.0441942 
  451,0.0441942 
  452,0.0441942 
  453,0.0441942 
  454,0.0441942 
  455,0.0441942 
  456,0.0441942 
  457,0.0441942 
  458,0.0441942 
  459,0.0441942 
  460,0.0441942 
  461,0.0441942 
  462,0.0441942 
  463,0.0441942 
  464,0.0441942 
  465,0.0441942 
  466,0.0441942 
  467,0.0441942 
  468,0.0441942 
  469,0.0441942 
  470,0.0441942 
  471,0.0441942 
  472,0.0441942 
  473,0.0441942 
  474,0.0441942 
  475,0.0441942 
  476,0.0441942 
  477,0.0441942 
  478,0.0441942 
  479,0.0441942 
  480,0.0441942 
  481,0.0441942 
  482,0.0441942 
  483,0.0441942 
  484,0.0441942 
  485,0.0441942 
  486,0.0441942 
  487,0.0441942 
  488,0.0441942 
  489,0.0441942 
  490,0.0441942 
  491,0.0441942 
  492,0.0441942 
  493,0.0441942 
  494,0.0441942 
  495,0.0441942 
  496,0.0441942 
  497,0.0441942 
  498,0.0441942 
  499,0.0441942 
  500,0.0441942 
  501,0.0441942 
  502,0.0441942 
  503,0.0441942 
  504,0.0441942 
  505,0.0441942 
  506,0.0441942 
  507,0.0441942 
  508,0.0441942 
  509,0.0441942 
  510,0.0441942 
  511,0.0441942 
  512,0.0441942 
  513,0.0441942 
  514,0.0441942 
  515,0.0441942 
  516,0.0441942 
  517,0.0441942 
  518,0.0441942 
  519,0.0441942 
  520,0.0441942 
  521,0.0441942 
  522,0.0441942 
  523,0.0441942 
  524,0.0441942 
  525,0.0441942 
  526,0.0441942 
  527,0.0441942 
  528,0.0441942 
  529,0.0441942 
  530,0.0441942 
  531,0.0441942 
  532,0.0441942 
  533,0.0441942 
  534,0.0441942 
  535,0.0441942 
  536,0.0441942 
  537,0.0441942 
  538,0.0441942 
  539,0.0441942 
  540,0.0441942 
  541,0.0441942 
  542,0.0441942 
  543,0.0441942 
  544,0.0441942 
  545,0.0441942 
  546,0.0441942 
  547,0.0441942 
  548,0.0441942 
  549,0.0441942 
  550,0.0441942 
  551,0.0441942 
  552,0.0441942 
  553,0.0441942 
  554,0.0441942 
  555,0.0441942 
  556,0.0441942 
  557,0.0441942 
  558,0.0441942 
  559,0.0441942 
  560,0.0441942 
  561,0.0441942 
  562,0.0441942 
  563,0.0441942 
  564,0.0441942 
  565,0.0441942 
  566,0.0441942 
  567,0.0441942 
  568,0.0441942 
  569,0.0441942 
  570,0.0441942 
  571,0.0441942 
  572,0.0441942 
  573,0.0441942 
  574,0.0441942 
  575,0.0441942 
  576,0.0441942 
  577,0.0441942 
  578,0.0441942 
  579,0.0441942 
  580,0.0441942 
  581,0.0441942 
  582,0.0441942 
  583,0.0441942 
  584,0.0441942 
  585,0.0441942 
  586,0.0441942 
  587,0.0441942 
  588,0.0441942 
  589,0.0441942 
  590,0.0441942 
  591,0.0441942 
  592,0.0441942 
  593,0.0441942 
  594,0.0441942 
  595,0.0441942 
  596,0.0441942 
  597,0.0441942 
  598,0.0441942 
  599,0.0441942 
  600,0.0441942 
  601,0.0441942 
  602,0.0441942 
  603,0.0441942 
  604,0.0441942 
  605,0.0441942 
  606,0.0441942 
  607,0.0441942 
  608,0.0441942 
  609,0.0441942 
  610,0.0441942 
  611,0.0441942 
  612,0.0441942 
  613,0.0441942 
  614,0.0441942 
  615,0.0441942 
  616,0.0441942 
  617,0.0441942 
  618,0.0441942 
  619,0.0441942 
  620,0.0441942 
  621,0.0441942 
  622,0.0441942 
  623,0.0441942 
  624,0.0441942 
  625,0.0441942 
  626,0.0441942 
  627,0.0441942 
  628,0.0441942 
  629,0.0441942 
  630,0.0441942 
  631,0.0441942 
  632,0.0441942 
  633,0.0441942 
  634,0.0441942 
  635,0.0441942 
  636,0.0441942 
  637,0.0441942 
  638,0.0441942 
  639,0.0441942 
  640,0.0441942 
  641,0.0441942 
  642,0.0441942 
  643,0.0441942 
  644,0.0441942 
  645,0.0441942 
  646,0.0441942 
  647,0.0441942 
  648,0.0441942 
  649,0.0441942 
  650,0.0441942 
  651,0.0441942 
  652,0.0441942 
  653,0.0441942 
  654,0.0441942 
  655,0.0441942 
  656,0.0441942 
  657,0.0441942 
  658,0.0441942 
  659,0.0441942 
  660,0.0441942 
  661,0.0441942 
  662,0.0441942 
  663,0.0441942 
  664,0.0441942 
  665,0.0441942 
  666,0.0441942 
  667,0.0441942 
  668,0.0441942 
  669,0.0441942 
  670,0.0441942 
  671,0.0441942 
  672,0.0441942 
  673,0.0441942 
  674,0.0441942 
  675,0.0441942 
  676,0.0441942 
  677,0.0441942 
  678,0.0441942 
  679,0.0441942 
  680,0.0441942 
  681,0.0441942 
  682,0.0441942 
  683,0.0441942 
  684,0.0441942 
  685,0.0441942 
  686,0.0441942 
  687,0.0441942 
  688,0.0441942 
  689,0.0441942 
  690,0.0441942 
  691,0.0441942 
  692,0.0441942 
  693,0.0441942 
  694,0.0441942 
  695,0.0441942 
  696,0.0441942 
  697,0.0441942 
  698,0.0441942 
  699,0.0441942 
  700,0.0441942 
  701,0.0441942 
  702,0.0441942 
  703,0.0441942 
  704,0.0441942 
  705,0.0441942 
  706,0.0441942 
  707,0.0441942 
  708,0.0441942 
  709,0.0441942 
  710,0.0441942 
  711,0.0441942 
  712,0.0441942 
  713,0.0441942 
  714,0.0441942 
  715,0.0441942 
  716,0.0441942 
  717,0.0441942 
  718,0.0441942 
  719,0.0441942 
  720,0.0441942 
  721,0.0441942 
  722,0.0441942 
  723,0.0441942 
  724,0.0441942 
  725,0.0441942 
  726,0.0441942 
  727,0.0441942 
  728,0.0441942 
  729,0.0441942 
  730,0.0441942 
  731,0.0441942 
  732,0.0441942 
  733,0.0441942 
  734,0.0441942 
  735,0.0441942 
  736,0.0441942 
  737,0.0441942 
  738,0.0441942 
  739,0.0441942 
  740,0.0441942 
  741,0.0441942 
  742,0.0441942 
  743,0.0441942 
  744,0.0441942 
  745,0.0441942 
  746,0.0441942 
  747,0.0441942 
  748,0.0441942 
  749,0.0441942 
  750,0.0441942 
  751,0.0441942 
  752,0.0441942 
  753,0.0441942 
  754,0.0441942 
  755,0.0441942 
  756,0.0441942 
  757,0.0441942 
  758,0.0441942 
  759,0.0441942 
  760,0.0441942 
  761,0.0441942 
  762,0.0441942 
  763,0.0441942 
  764,0.0441942 
  765,0.0441942 
  766,0.0441942 
  767,0.0441942 
  768,0.0441942 
  769,0.0441942 
  770,0.0441942 
  771,0.0441942 
  772,0.0441942 
  773,0.0441942 
  774,0.0441942 
  775,0.0441942 
  776,0.0441942 
  777,0.0441942 
  778,0.0441942 
  779,0.0441942 
  780,0.0441942 
  781,0.0441942 
  782,0.0441942 
  783,0.0441942 
  784,0.0441942 
  785,0.0441942 
  786,0.0441942 
  787,0.0441942 
  788,0.0441942 
  789,0.0441942 
  790,0.0441942 
  791,0.0441942 
  792,0.0441942 
  793,0.0441942 
  794,0.0441942 
  795,0.0441942 
  796,0.0441942 
  797,0.0441942 
  798,0.0441942 
  799,0.0441942 
  800,0.0441942 
  801,0.0441942 
  802,0.0441942 
  803,0.0441942 
  804,0.0441942 
  805,0.0441942 
  806,0.0441942 
  807,0.0441942 
  808,0.0441942 
  809,0.0441942 
  810,0.0441942 
  811,0.0441942 
  812,0.0441942 
  813,0.0441942 
  814,0.0441942 
  815,0.0441942 
  816,0.0441942 
  817,0.0441942 
  818,0.0441942 
  819,0.0441942 
  820,0.0441942 
  821,0.0441942 
  822,0.0441942 
  823,0.0441942 
  824,0.0441942 
  825,0.0441942 
  826,0.0441942 
  827,0.0441942 
  828,0.0441942 
  829,0.0441942 
  830,0.0441942 
  831,0.0441942 
  832,0.0441942 
  833,0.0441942 
  834,0.0441942 
  835,0.0441942 
  836,0.0441942 
  837,0.0441942 
  838,0.0441942 
  839,0.0441942 
  840,0.0441942 
  841,0.0441942 
  842,0.0441942 
  843,0.0441942 
  844,0.0441942 
  845,0.0441942 
  846,0.0441942 
  847,0.0441942 
  848,0.0441942 
  849,0.0441942 
  850,0.0441942 
  851,0.0441942 
  852,0.0441942 
  853,0.0441942 
  854,0.0441942 
  855,0.0441942 
  856,0.0441942 
  857,0.0441942 
  858,0.0441942 
  859,0.0441942 
  860,0.0441942 
  861,0.0441942 
  862,0.0441942 
  863,0.0441942 
  864,0.0441942 
  865,0.0441942 
  866,0.0441942 
  867,0.0441942 
  868,0.0441942 
  869,0.0441942 
  870,0.0441942 
  871,0.0441942 
  872,0.0441942 
  873,0.0441942 
  874,0.0441942 
  875,0.0441942 
  876,0.0441942 
  877,0.0441942 
  878,0.0441942 
  879,0.0441942 
  880,0.0441942 
  881,0.0441942 
  882,0.0441942 
  883,0.0441942 
  884,0.0441942 
  885,0.0441942 
  886,0.0441942 
  887,0.0441942 
  888,0.0441942 
  889,0.0441942 
  890,0.0441942 
  891,0.0441942 
  892,0.0441942 
  893,0.0441942 
  894,0.0441942 
  895,0.0441942 
  896,0.0441942 
  897,0.0441942 
  898,0.0441942 
  899,0.0441942 
  900,0.0441942 
  901,0.0441942 
  902,0.0441942 
  903,0.0441942 
  904,0.0441942 
  905,0.0441942 
  906,0.0441942 
  907,0.0441942 
  908,0.0441942 
  909,0.0441942 
  910,0.0441942 
  911,0.0441942 
  912,0.0441942 
  913,0.0441942 
  914,0.0441942 
  915,0.0441942 
  916,0.0441942 
  917,0.0441942 
  918,0.0441942 
  919,0.0441942 
  920,0.0441942 
  921,0.0441942 
  922,0.0441942 
  923,0.0441942 
  924,0.0441942 
  925,0.0441942 
  926,0.0441942 
  927,0.0441942 
  928,0.0441942 
  929,0.0441942 
  930,0.0441942 
  931,0.0441942 
  932,0.0441942 
  933,0.0441942 
  934,0.0441942 
  935,0.0441942 
  936,0.0441942 
  937,0.0441942 
  938,0.0441942 
  939,0.0427904 
  940,0.0420713 
  941,0.0420713 
  942,0.0420713 
  943,0.0420713 
  944,0.0420713 
  945,0.0420713 
  946,0.0420713 
  947,0.0420713 
  948,0.0420713 
  949,0.0420713 
  950,0.0420713 
  951,0.0420713 
  952,0.0420713 
  953,0.0413399 
  954,0.0420713 
  955,0.0420713 
  956,0.0420713 
  957,0.0420713 
  958,0.0413399 
  959,0.0413399 
  960,0.0420713 
  961,0.0420713 
  962,0.0420713 
  963,0.0413399 
  964,0.0413399 
  965,0.0413399 
  966,0.0420713 
  967,0.0420713 
  968,0.0413399 
  969,0.0413399 
  970,0.0413399 
  971,0.0413399 
  972,0.0420713 
  973,0.0413399 
  974,0.0413399 
  975,0.0413399 
  976,0.0413399 
  977,0.0413399 
  978,0.0413399 
  979,0.0413399 
  980,0.0413399 
  981,0.0413399 
  982,0.0413399 
  983,0.0413399 
  984,0.0413399 
  985,0.0413399 
  986,0.0413399 
  987,0.0413399 
  988,0.0413399 
  989,0.0413399 
  990,0.0413399 
  991,0.0413399 
  992,0.0413399 
  993,0.0413399 
  994,0.0413399 
  995,0.0413399 
  996,0.0413399 
  997,0.0413399 
  998,0.0420713 
  999,0.0413399 
  1000,0.0413399 
  1001,0.0413399 
  1002,0.0413399 
  1003,0.0413399 
  1004,0.0413399 
  1005,0.0413399 
  1006,0.0413399 
  1007,0.0413399 
  1008,0.0413399 
  1009,0.0413399 
  1010,0.0413399 
  1011,0.0413399 
  1012,0.0413399 
  1013,0.0413399 
  1014,0.0413399 
  1015,0.0413399 
  1016,0.0420713 
  1017,0.0413399 
  1018,0.0413399 
  1019,0.0413399 
  1020,0.0413399 
  1021,0.0413399 
  1022,0.0420713 
  1023,0.0413399 
  1024,0.0413399 
  1025,0.0413399 
  1026,0.0413399 
  1027,0.0413399 
  1028,0.0413399 
  1029,0.0413399 
  1030,0.0413399 
  1031,0.0413399 
  1032,0.0413399 
  1033,0.0413399 
  1034,0.0413399 
  1035,0.0413399 
  1036,0.0413399 
  1037,0.0413399 
  1038,0.0413399 
  1039,0.0413399 
  1040,0.0413399 
  1041,0.0413399 
  1042,0.0413399 
  1043,0.0413399 
  1044,0.0413399 
  1045,0.0413399 
  1046,0.0413399 
  1047,0.0413399 
  1048,0.0413399 
  1049,0.0413399 
  1050,0.0413399 
  1051,0.0413399 
  1052,0.0413399 
  1053,0.0405951 
  1054,0.0398359 
  1055,0.0398359 
  1056,0.0398359 
  1057,0.0398359 
  1058,0.0398359 
  1059,0.0398359 
  1060,0.0398359 
  1061,0.0398359 
  1062,0.0398359 
  1063,0.0398359 
  1064,0.0398359 
  1065,0.0398359 
  1066,0.0398359 
  1067,0.0398359 
  1068,0.0398359 
  1069,0.0382729 
  1070,0.0382729 
  1071,0.037467 
  1072,0.037467 
  1073,0.037467 
  1074,0.037467 
  1075,0.037467 
  1076,0.037467 
  1077,0.037467 
  1078,0.037467 
  1079,0.037467 
  1080,0.037467 
  1081,0.037467 
  1082,0.037467 
  1083,0.037467 
  1084,0.037467 
  1085,0.037467 
  1086,0.037467 
  1087,0.037467 
  1088,0.037467 
  1089,0.036644 
  1090,0.037467 
  1091,0.036644 
  1092,0.037467 
  1093,0.036644 
  1094,0.036644 
  1095,0.036644 
  1096,0.036644 
  1097,0.036644 
  1098,0.036644 
  1099,0.036644 
  1100,0.036644 
  1101,0.036644 
  1102,0.036644 
  1103,0.036644 
  1104,0.036644 
  1105,0.036644 
  1106,0.036644 
  1107,0.036644 
  1108,0.036644 
  1109,0.036644 
  1110,0.036644 
  1111,0.036644 
  1112,0.036644 
  1113,0.036644 
  1114,0.036644 
  1115,0.036644 
  1116,0.036644 
  1117,0.036644 
  1118,0.036644 
  1119,0.036644 
  1120,0.036644 
  1121,0.036644 
  1122,0.036644 
  1123,0.036644 
  1124,0.036644 
  1125,0.036644 
  1126,0.036644 
  1127,0.036644 
  1128,0.036644 
  1129,0.036644 
  1130,0.036644 
  1131,0.036644 
  1132,0.036644 
  1133,0.036644 
  1134,0.036644 
  1135,0.036644 
  1136,0.036644 
  1137,0.036644 
  1138,0.036644 
  1139,0.036644 
  1140,0.036644 
  1141,0.036644 
  1142,0.036644 
  1143,0.036644 
  1144,0.036644 
  1145,0.036644 
  1146,0.036644 
  1147,0.036644 
  1148,0.036644 
  1149,0.036644 
  1150,0.036644 
  1151,0.036644 
  1152,0.036644 
  1153,0.036644 
  1154,0.036644 
  1155,0.036644 
  1156,0.036644 
  1157,0.036644 
  1158,0.036644 
  1159,0.036644 
  1160,0.036644 
  1161,0.036644 
  1162,0.036644 
  1163,0.036644 
  1164,0.036644 
  1165,0.036644 
  1166,0.036644 
  1167,0.036644 
  1168,0.036644 
  1169,0.036644 
  1170,0.036644 
  1171,0.036644 
  1172,0.036644 
  1173,0.036644 
  1174,0.036644 
  1175,0.036644 
  1176,0.036644 
  1177,0.036644 
  1178,0.036644 
  1179,0.036644 
  1180,0.036644 
  1181,0.036644 
  1182,0.036644 
  1183,0.036644 
  1184,0.036644 
  1185,0.036644 
  1186,0.036644 
  1187,0.036644 
  1188,0.036644 
  1189,0.036644 
  1190,0.036644 
  1191,0.036644 
  1192,0.036644 
  1193,0.036644 
  1194,0.036644 
  1195,0.036644 
  1196,0.036644 
  1197,0.036644 
  1198,0.036644 
  1199,0.036644 
  1200,0.036644 
  1201,0.036644 
  1202,0.036644 
  1203,0.036644 
  1204,0.036644 
  1205,0.036644 
  1206,0.036644 
  1207,0.036644 
  1208,0.036644 
  1209,0.036644 
  1210,0.036644 
  1211,0.036644 
  1212,0.036644 
  1213,0.036644 
  1214,0.036644 
  1215,0.036644 
  1216,0.036644 
  1217,0.036644 
  1218,0.036644 
  1219,0.036644 
  1220,0.036644 
  1221,0.036644 
  1222,0.036644 
  1223,0.036644 
  1224,0.036644 
  1225,0.036644 
  1226,0.036644 
  1227,0.036644 
  1228,0.036644 
  1229,0.036644 
  1230,0.036644 
  1231,0.036644 
  1232,0.036644 
  1233,0.036644 
  1234,0.036644 
  1235,0.036644 
  1236,0.036644 
  1237,0.036644 
  1238,0.036644 
  1239,0.036644 
  1240,0.036644 
  1241,0.036644 
  1242,0.036644 
  1243,0.036644 
  1244,0.036644 
  1245,0.036644 
  1246,0.036644 
  1247,0.036644 
  1248,0.036644 
  1249,0.036644 
  1250,0.036644 
  1251,0.036644 
  1252,0.036644 
  1253,0.036644 
  1254,0.036644 
  1255,0.036644 
  1256,0.036644 
  1257,0.036644 
  1258,0.036644 
  1259,0.036644 
  1260,0.036644 
  1261,0.036644 
  1262,0.036644 
  1263,0.036644 
  1264,0.036644 
  1265,0.036644 
  1266,0.036644 
  1267,0.036644 
  1268,0.036644 
  1269,0.036644 
  1270,0.036644 
  1271,0.036644 
  1272,0.036644 
  1273,0.036644 
  1274,0.036644 
  1275,0.036644 
  1276,0.036644 
  1277,0.036644 
  1278,0.036644 
  1279,0.036644 
  1280,0.036644 
  1281,0.036644 
  1282,0.036644 
  1283,0.036644 
  1284,0.036644 
  1285,0.036644 
  1286,0.036644 
  1287,0.036644 
  1288,0.036644 
  1289,0.036644 
  1290,0.036644 
  1291,0.036644 
  1292,0.036644 
  1293,0.036644 
  1294,0.036644 
  1295,0.036644 
  1296,0.036644 
  1297,0.036644 
  1298,0.036644 
  1299,0.036644 
  1300,0.036644 
  1301,0.036644 
  1302,0.036644 
  1303,0.036644 
  1304,0.0358009 
  1305,0.0349388 
  1306,0.0349388 
  1307,0.0349388 
  1308,0.0349388 
  1309,0.0349388 
  1310,0.0349388 
  1311,0.0340538 
  1312,0.0349388 
  1313,0.0349388 
  1314,0.0349388 
  1315,0.0349388 
  1316,0.0349388 
  1317,0.0340538 
  1318,0.0340538 
  1319,0.0349388 
  1320,0.0340538 
  1321,0.0340538 
  1322,0.0349388 
  1323,0.0340538 
  1324,0.0349388 
  1325,0.0340538 
  1326,0.0349388 
  1327,0.0349388 
  1328,0.0340538 
  1329,0.0340538 
  1330,0.0340538 
  1331,0.0340538 
  1332,0.0340538 
  1333,0.0340538 
  1334,0.0340538 
  1335,0.0349388 
  1336,0.0340538 
  1337,0.0340538 
  1338,0.0349388 
  1339,0.0340538 
  1340,0.0340538 
  1341,0.0349388 
  1342,0.0340538 
  1343,0.0340538 
  1344,0.0340538 
  1345,0.0340538 
  1346,0.0340538 
  1347,0.0340538 
  1348,0.0340538 
  1349,0.0340538 
  1350,0.0340538 
  1351,0.0340538 
  1352,0.0340538 
  1353,0.0340538 
  1354,0.0340538 
  1355,0.0340538 
  1356,0.0340538 
  1357,0.0340538 
  1358,0.0340538 
  1359,0.0340538 
  1360,0.0340538 
  1361,0.0340538 
  1362,0.0340538 
  1363,0.0340538 
  1364,0.0340538 
  1365,0.0340538 
  1366,0.0340538 
  1367,0.0340538 
  1368,0.0340538 
  1369,0.0340538 
  1370,0.0340538 
  1371,0.0340538 
  1372,0.0349388 
  1373,0.0340538 
  1374,0.0340538 
  1375,0.0340538 
  1376,0.0340538 
  1377,0.0340538 
  1378,0.0340538 
  1379,0.0340538 
  1380,0.0340538 
  1381,0.0340538 
  1382,0.0340538 
  1383,0.0340538 
  1384,0.0340538 
  1385,0.0340538 
  1386,0.0340538 
  1387,0.0340538 
  1388,0.0340538 
  1389,0.0340538 
  1390,0.0340538 
  1391,0.0340538 
  1392,0.0340538 
  1393,0.0349388 
  1394,0.0340538 
  1395,0.0340538 
  1396,0.0340538 
  1397,0.0340538 
  1398,0.0340538 
  1399,0.0340538 
  1400,0.0340538 
  1401,0.0340538 
  1402,0.0340538 
  1403,0.0340538 
  1404,0.0340538 
  1405,0.0340538 
  1406,0.0340538 
  1407,0.0340538 
  1408,0.0340538 
  1409,0.0340538 
  1410,0.0340538 
  1411,0.0340538 
  1412,0.0340538 
  1413,0.0340538 
  1414,0.0340538 
  1415,0.0340538 
  1416,0.0340538 
  1417,0.0340538 
  1418,0.0340538 
  1419,0.0340538 
  1420,0.0340538 
  1421,0.0340538 
  1422,0.0340538 
  1423,0.0340538 
  1424,0.0340538 
  1425,0.0340538 
  1426,0.0340538 
  1427,0.0340538 
  1428,0.0340538 
  1429,0.0340538 
  1430,0.0340538 
  1431,0.0340538 
  1432,0.0340538 
  1433,0.0340538 
  1434,0.0340538 
  1435,0.0340538 
  1436,0.0340538 
  1437,0.0340538 
  1438,0.0340538 
  1439,0.0340538 
  1440,0.0340538 
  1441,0.0340538 
  1442,0.0340538 
  1443,0.0340538 
  1444,0.0340538 
  1445,0.0331459 
  1446,0.0331459 
  1447,0.0322113 
  1448,0.0322113 
  1449,0.0322113 
  1450,0.0322113 
  1451,0.0322113 
  1452,0.0322113 
  1453,0.0322113 
  1454,0.0322113 
  1455,0.0322113 
  1456,0.0322113 
  1457,0.0322113 
  1458,0.0322113 
  1459,0.0322113 
  1460,0.0322113 
  1461,0.0322113 
  1462,0.0322113 
  1463,0.0322113 
  1464,0.0322113 
  1465,0.0322113 
  1466,0.0322113 
  1467,0.03125 
  1468,0.03125 
  1469,0.03125 
  1470,0.03125 
  1471,0.03125 
  1472,0.03125 
  1473,0.03125 
  1474,0.03125 
  1475,0.03125 
  1476,0.03125 
  1477,0.03125 
  1478,0.03125 
  1479,0.03125 
  1480,0.03125 
  1481,0.03125 
  1482,0.03125 
  1483,0.03125 
  1484,0.03125 
  1485,0.03125 
  1486,0.0302572 
  1487,0.0302572 
  1488,0.029232 
  1489,0.029232 
  1490,0.029232 
  1491,0.029232 
  1492,0.029232 
  1493,0.029232 
  1494,0.029232 
  1495,0.029232 
  1496,0.029232 
  1497,0.029232 
  1498,0.029232 
  1499,0.029232 
  1500,0.029232 
  1501,0.029232 
  1502,0.029232 
  1503,0.029232 
  1504,0.029232 
  1505,0.029232 
  1506,0.029232 
  1507,0.029232 
  1508,0.029232 
  1509,0.029232 
  1510,0.029232 
  1511,0.029232 
  1512,0.029232 
  1513,0.029232 
  1514,0.029232 
  1515,0.029232 
  1516,0.029232 
  1517,0.029232 
  1518,0.029232 
  1519,0.029232 
  1520,0.029232 
  1521,0.029232 
  1522,0.029232 
  1523,0.029232 
  1524,0.029232 
  1525,0.029232 
  1526,0.029232 
  1527,0.029232 
  1528,0.029232 
  1529,0.029232 
  1530,0.029232 
  1531,0.029232 
  1532,0.029232 
  1533,0.029232 
  1534,0.029232 
  1535,0.029232 
  1536,0.029232 
  1537,0.029232 
  1538,0.029232 
  1539,0.029232 
  1540,0.029232 
  1541,0.029232 
  1542,0.029232 
  1543,0.029232 
  1544,0.029232 
  1545,0.029232 
  1546,0.029232 
  1547,0.029232 
  1548,0.029232 
  1549,0.0281687 
  1550,0.0281687 
  1551,0.0281687 
  1552,0.0281687 
  1553,0.0281687 
  1554,0.0281687 
  1555,0.0281687 
  1556,0.0281687 
  1557,0.0281687 
  1558,0.0281687 
  1559,0.0281687 
  1560,0.0281687 
  1561,0.0281687 
  1562,0.0281687 
  1563,0.0270634 
  1564,0.0270634 
  1565,0.0281687 
  1566,0.0270634 
  1567,0.0270634 
  1568,0.0270634 
  1569,0.0281687 
  1570,0.0270634 
  1571,0.0270634 
  1572,0.0281687 
  1573,0.0270634 
  1574,0.0270634 
  1575,0.0270634 
  1576,0.0270634 
  1577,0.0270634 
  1578,0.0281687 
  1579,0.0281687 
  1580,0.0270634 
  1581,0.0281687 
  1582,0.0270634 
  1583,0.0270634 
  1584,0.0270634 
  1585,0.0270634 
  1586,0.0270634 
  1587,0.0270634 
  1588,0.0270634 
  1589,0.0270634 
  1590,0.0270634 
  1591,0.0270634 
  1592,0.0270634 
  1593,0.0270634 
  1594,0.0270634 
  1595,0.0270634 
  1596,0.0270634 
  1597,0.0270634 
  1598,0.0270634 
  1599,0.0270634 
  1600,0.0270634 
  1601,0.0270634 
  1602,0.0270634 
  1603,0.0270634 
  1604,0.0270634 
  1605,0.0270634 
  1606,0.0270634 
  1607,0.0270634 
  1608,0.0270634 
  1609,0.0270634 
  1610,0.0270634 
  1611,0.0270634 
  1612,0.0270634 
  1613,0.0270634 
  1614,0.0259113 
  1615,0.0259113 
  1616,0.0259113 
  1617,0.0259113 
  1618,0.0259113 
  1619,0.0259113 
  1620,0.0259113 
  1621,0.0259113 
  1622,0.0259113 
  1623,0.0259113 
  1624,0.0259113 
  1625,0.0259113 
  1626,0.0259113 
  1627,0.0259113 
  1628,0.0259113 
  1629,0.0259113 
  1630,0.0259113 
  1631,0.0259113 
  1632,0.0259113 
  1633,0.0259113 
  1634,0.0259113 
  1635,0.0259113 
  1636,0.0259113 
  1637,0.0259113 
  1638,0.0259113 
  1639,0.0259113 
  1640,0.0259113 
  1641,0.0259113 
  1642,0.0259113 
  1643,0.0259113 
  1644,0.0259113 
  1645,0.0259113 
  1646,0.0259113 
  1647,0.0259113 
  1648,0.0259113 
  1649,0.0259113 
  1650,0.0259113 
  1651,0.0259113 
  1652,0.0259113 
  1653,0.0259113 
  1654,0.0259113 
  1655,0.0259113 
  1656,0.0259113 
  1657,0.0259113 
  1658,0.0259113 
  1659,0.0259113 
  1660,0.0259113 
  1661,0.0259113 
  1662,0.0259113 
  1663,0.0259113 
  1664,0.0259113 
  1665,0.0259113 
  1666,0.0259113 
  1667,0.0259113 
  1668,0.0259113 
  1669,0.0259113 
  1670,0.0259113 
  1671,0.0259113 
  1672,0.0259113 
  1673,0.0259113 
  1674,0.0259113 
  1675,0.0259113 
  1676,0.0259113 
  1677,0.0259113 
  1678,0.0259113 
  1679,0.0259113 
  1680,0.0247049 
  1681,0.0247049 
  1682,0.0247049 
  1683,0.0247049 
  1684,0.0247049 
  1685,0.0247049 
  1686,0.0247049 
  1687,0.0247049 
  1688,0.0247049 
  1689,0.0247049 
  1690,0.0247049 
  1691,0.0247049 
  1692,0.0247049 
  1693,0.0247049 
  1694,0.0247049 
  1695,0.0247049 
  1696,0.0247049 
  1697,0.0247049 
  1698,0.0247049 
  1699,0.0247049 
  1700,0.0247049 
  1701,0.0247049 
  1702,0.0247049 
  1703,0.0247049 
  1704,0.0247049 
  1705,0.0247049 
  1706,0.0247049 
  1707,0.0247049 
  1708,0.0247049 
  1709,0.0247049 
  1710,0.0234375 
  1711,0.0234375 
  1712,0.0247049 
  1713,0.0234375 
  1714,0.0234375 
  1715,0.0234375 
  1716,0.0234375 
  1717,0.0247049 
  1718,0.0234375 
  1719,0.0234375 
  1720,0.0234375 
  1721,0.0234375 
  1722,0.0234375 
  1723,0.0234375 
  1724,0.0234375 
  1725,0.0234375 
  1726,0.0234375 
  1727,0.0234375 
  1728,0.0234375 
  1729,0.0234375 
  1730,0.0234375 
  1731,0.0234375 
  1732,0.0234375 
  1733,0.0234375 
  1734,0.0234375 
  1735,0.0234375 
  1736,0.0234375 
  1737,0.0234375 
  1738,0.0234375 
  1739,0.0234375 
  1740,0.0234375 
  1741,0.0234375 
  1742,0.0234375 
  1743,0.0234375 
  1744,0.0234375 
  1745,0.0234375 
  1746,0.0234375 
  1747,0.0234375 
  1748,0.0234375 
  1749,0.0234375 
  1750,0.0234375 
  1751,0.0234375 
  1752,0.0234375 
  1753,0.0234375 
  1754,0.0234375 
  1755,0.0234375 
  1756,0.0234375 
  1757,0.0234375 
  1758,0.0234375 
  1759,0.0234375 
  1760,0.0234375 
  1761,0.0234375 
  1762,0.0234375 
  1763,0.0234375 
  1764,0.0234375 
  1765,0.0234375 
  1766,0.0234375 
  1767,0.0234375 
  1768,0.0234375 
  1769,0.0234375 
  1770,0.0234375 
  1771,0.0234375 
  1772,0.0234375 
  1773,0.0234375 
  1774,0.0234375 
  1775,0.0234375 
  1776,0.0234375 
  1777,0.0234375 
  1778,0.0234375 
  1779,0.0234375 
  1780,0.0234375 
  1781,0.0234375 
  1782,0.0234375 
  1783,0.0234375 
  1784,0.0234375 
  1785,0.0234375 
  1786,0.0234375 
  1787,0.0234375 
  1788,0.0234375 
  1789,0.0234375 
  1790,0.0234375 
  1791,0.0234375 
  1792,0.0234375 
  1793,0.0234375 
  1794,0.0234375 
  1795,0.0234375 
  1796,0.0234375 
  1797,0.0234375 
  1798,0.0234375 
  1799,0.0234375 
  1800,0.0234375 
  1801,0.0234375 
  1802,0.0234375 
  1803,0.0234375 
  1804,0.0234375 
  1805,0.0234375 
  1806,0.0234375 
  1807,0.0234375 
  1808,0.0234375 
  1809,0.0234375 
  1810,0.0234375 
  1811,0.0234375 
  1812,0.0234375 
  1813,0.0234375 
  1814,0.0234375 
  1815,0.0234375 
  1816,0.0234375 
  1817,0.0234375 
  1818,0.0234375 
  1819,0.0234375 
  1820,0.0234375 
  1821,0.0234375 
  1822,0.0234375 
  1823,0.0234375 
  1824,0.0234375 
  1825,0.0234375 
  1826,0.0234375 
  1827,0.0234375 
  1828,0.0234375 
  1829,0.0234375 
  1830,0.0234375 
  1831,0.0234375 
  1832,0.0234375 
  1833,0.0234375 
  1834,0.0234375 
  1835,0.0234375 
  1836,0.0234375 
  1837,0.0234375 
  1838,0.0234375 
  1839,0.0234375 
  1840,0.0234375 
  1841,0.0234375 
  1842,0.0234375 
  1843,0.0234375 
  1844,0.0234375 
  1845,0.0234375 
  1846,0.0234375 
  1847,0.0234375 
  1848,0.0234375 
  1849,0.0234375 
  1850,0.0220966 
  1851,0.0220966 
  1852,0.0220966 
  1853,0.0220966 
  1854,0.0220966 
  1855,0.0220966 
  1856,0.0220966 
  1857,0.0220966 
  1858,0.0220966 
  1859,0.0220966 
  1860,0.0220966 
  1861,0.0220966 
  1862,0.0220966 
  1863,0.0220966 
  1864,0.0220966 
  1865,0.0220966 
  1866,0.0220966 
  1867,0.0220966 
  1868,0.0220966 
  1869,0.0220966 
  1870,0.0220966 
  1871,0.0220966 
  1872,0.0220966 
  1873,0.0220966 
  1874,0.0220966 
  1875,0.0220966 
  1876,0.0220966 
  1877,0.0220966 
  1878,0.0220966 
  1879,0.0220966 
  1880,0.0220966 
  1881,0.0220966 
  1882,0.0220966 
  1883,0.0220966 
  1884,0.0220966 
  1885,0.0220966 
  1886,0.0220966 
  1887,0.0220966 
  1888,0.0220966 
  1889,0.0220966 
  1890,0.0220966 
  1891,0.0220966 
  1892,0.0220966 
  1893,0.0220966 
  1894,0.0220966 
  1895,0.0220966 
  1896,0.0220966 
  1897,0.0220966 
  1898,0.0220966 
  1899,0.0220966 
  1900,0.0220966 
  1901,0.0220966 
  1902,0.0220966 
  1903,0.0220966 
  1904,0.0220966 
  1905,0.0220966 
  1906,0.0220966 
  1907,0.0220966 
  1908,0.0220966 
  1909,0.0220966 
  1910,0.0220966 
  1911,0.0220966 
  1912,0.0220966 
  1913,0.0220966 
  1914,0.0220966 
  1915,0.0220966 
  1916,0.0220966 
  1917,0.0220966 
  1918,0.0220966 
  1919,0.0220966 
  1920,0.0220966 
  1921,0.0220966 
  1922,0.0220966 
  1923,0.0220966 
  1924,0.0220966 
  1925,0.0220966 
  1926,0.0220966 
  1927,0.0220966 
  1928,0.0220966 
  1929,0.0220966 
  1930,0.0220966 
  1931,0.0220966 
  1932,0.0220966 
  1933,0.0220966 
  1934,0.0220966 
  1935,0.0220966 
  1936,0.0220966 
  1937,0.0220966 
  1938,0.0220966 
  1939,0.0220966 
  1940,0.0220966 
  1941,0.0220966 
  1942,0.0220966 
  1943,0.0220966 
  1944,0.0220966 
  1945,0.0220966 
  1946,0.0220966 
  1947,0.0220966 
  1948,0.0220966 
  1949,0.0220966 
  1950,0.0206699 
  1951,0.0220966 
  1952,0.0206699 
  1953,0.0220966 
  1954,0.0220966 
  1955,0.0220966 
  1956,0.0220966 
  1957,0.0220966 
  1958,0.0206699 
  1959,0.0206699 
  1960,0.0220966 
  1961,0.0220966 
  1962,0.0220966 
  1963,0.0220966 
  1964,0.0206699 
  1965,0.0206699 
  1966,0.0220966 
  1967,0.0206699 
  1968,0.0220966 
  1969,0.0206699 
  1970,0.0206699 
  1971,0.0220966 
  1972,0.0206699 
  1973,0.0206699 
  1974,0.0206699 
  1975,0.0220966 
  1976,0.0206699 
  1977,0.0206699 
  1978,0.0206699 
  1979,0.0206699 
  1980,0.0206699 
  1981,0.0206699 
  1982,0.0206699 
  1983,0.0206699 
  1984,0.0206699 
  1985,0.0206699 
  1986,0.0206699 
  1987,0.0206699 
  1988,0.0206699 
  1989,0.0206699 
  1990,0.0206699 
  1991,0.0220966 
  1992,0.0206699 
  1993,0.0206699 
  1994,0.0220966 
  1995,0.0220966 
  1996,0.0206699 
  1997,0.0220966 
  1998,0.0220966 
  1999,0.0206699 
  2000,0.0220966 
  2001,0.0206699 
  2002,0.0206699 
  2003,0.0206699 
  2004,0.0220966 
  2005,0.0206699 
  2006,0.0206699 
  2007,0.0206699 
  2008,0.0206699 
  2009,0.0220966 
  2010,0.0220966 
  2011,0.0206699 
  2012,0.0206699 
  2013,0.0206699 
  2014,0.0206699 
  2015,0.0206699 
  2016,0.0206699 
  2017,0.0206699 
  2018,0.0206699 
  2019,0.0206699 
  2020,0.0206699 
  2021,0.0206699 
  2022,0.0206699 
  2023,0.0206699 
  2024,0.0206699 
  2025,0.0206699 
  2026,0.0206699 
  2027,0.0206699 
  2028,0.0206699 
  2029,0.0206699 
  2030,0.0206699 
  2031,0.0206699 
  2032,0.0206699 
  2033,0.0206699 
  2034,0.0206699 
  2035,0.0206699 
  2036,0.0206699 
  2037,0.0206699 
  2038,0.0206699 
  2039,0.0206699 
  2040,0.0206699 
  2041,0.0206699 
  2042,0.0206699 
  2043,0.0206699 
  2044,0.0206699 
  2045,0.0206699 
  2046,0.0206699 
  2047,0.0206699 
  2048,0.0206699 
  2049,0.0206699 
  2050,0.0206699 
  2051,0.0206699 
  2052,0.0206699 
  2053,0.0206699 
  2054,0.0206699 
  2055,0.0206699 
  2056,0.0206699 
  2057,0.0206699 
  2058,0.0206699 
  2059,0.0206699 
  2060,0.0206699 
  2061,0.0206699 
  2062,0.0206699 
  2063,0.0206699 
  2064,0.0206699 
  2065,0.0206699 
  2066,0.0206699 
  2067,0.0206699 
  2068,0.0206699 
  2069,0.0206699 
  2070,0.0206699 
  2071,0.0206699 
  2072,0.0206699 
  2073,0.0206699 
  2074,0.0206699 
  2075,0.0206699 
  2076,0.0206699 
  2077,0.0206699 
  2078,0.0206699 
  2079,0.0206699 
  2080,0.0206699 
  2081,0.0206699 
  2082,0.0191364 
  2083,0.0191364 
  2084,0.0191364 
  2085,0.0191364 
  2086,0.0191364 
  2087,0.0191364 
  2088,0.0191364 
  2089,0.0191364 
  2090,0.0191364 
  2091,0.0191364 
  2092,0.0191364 
  2093,0.0191364 
  2094,0.0191364 
  2095,0.0191364 
  2096,0.0191364 
  2097,0.0191364 
  2098,0.0191364 
  2099,0.0191364 
  2100,0.0191364 
  2101,0.0191364 
  2102,0.0191364 
  2103,0.0191364 
  2104,0.0191364 
  2105,0.0191364 
  2106,0.0191364 
  2107,0.0191364 
  2108,0.0191364 
  2109,0.0191364 
  2110,0.0191364 
  2111,0.0191364 
  2112,0.0191364 
  2113,0.0191364 
  2114,0.0191364 
  2115,0.0191364 
  2116,0.0191364 
  2117,0.0191364 
  2118,0.0174694 
  2119,0.0191364 
  2120,0.0191364 
  2121,0.0191364 
  2122,0.0174694 
  2123,0.0174694 
  2124,0.0174694 
  2125,0.0174694 
  2126,0.0174694 
  2127,0.0174694 
  2128,0.0174694 
  2129,0.0174694 
  2130,0.0174694 
  2131,0.0174694 
  2132,0.0174694 
  2133,0.0174694 
  2134,0.0174694 
  2135,0.0174694 
  2136,0.0174694 
  2137,0.0174694 
  2138,0.0174694 
  2139,0.0174694 
  2140,0.0174694 
  2141,0.0174694 
  2142,0.0174694 
  2143,0.0174694 
  2144,0.0174694 
  2145,0.0174694 
  2146,0.0174694 
  2147,0.0174694 
  2148,0.0174694 
  2149,0.0174694 
  2150,0.0174694 
  2151,0.0174694 
  2152,0.0174694 
  2153,0.0174694 
  2154,0.0174694 
  2155,0.0174694 
  2156,0.0174694 
  2157,0.0174694 
  2158,0.0174694 
  2159,0.0174694 
  2160,0.0174694 
  2161,0.0174694 
  2162,0.0174694 
  2163,0.0174694 
  2164,0.0174694 
  2165,0.0174694 
  2166,0.0174694 
  2167,0.0174694 
  2168,0.0174694 
  2169,0.0174694 
  2170,0.0174694 
  2171,0.0174694 
  2172,0.0174694 
  2173,0.0174694 
  2174,0.0174694 
  2175,0.0174694 
  2176,0.0174694 
  2177,0.0174694 
  2178,0.0174694 
  2179,0.0174694 
  2180,0.0174694 
  2181,0.0174694 
  2182,0.0174694 
  2183,0.0174694 
  2184,0.0174694 
  2185,0.0174694 
  2186,0.0174694 
  2187,0.0174694 
  2188,0.0174694 
  2189,0.0174694 
  2190,0.0174694 
  2191,0.0174694 
  2192,0.0174694 
  2193,0.0174694 
  2194,0.0174694 
  2195,0.0174694 
  2196,0.0174694 
  2197,0.0174694 
  2198,0.0174694 
  2199,0.0174694 
  2200,0.0174694 
  2201,0.0174694 
  2202,0.0174694 
  2203,0.0174694 
  2204,0.0174694 
  2205,0.0174694 
  2206,0.0174694 
  2207,0.0174694 
  2208,0.0174694 
  2209,0.0174694 
  2210,0.0174694 
  2211,0.0174694 
  2212,0.0174694 
  2213,0.0174694 
  2214,0.0174694 
  2215,0.0174694 
  2216,0.0174694 
  2217,0.0174694 
  2218,0.0174694 
  2219,0.0174694 
  2220,0.0174694 
  2221,0.0174694 
  2222,0.0174694 
  2223,0.0174694 
  2224,0.0174694 
  2225,0.0174694 
  2226,0.0174694 
  2227,0.0174694 
  2228,0.0174694 
  2229,0.0174694 
  2230,0.0174694 
  2231,0.0174694 
  2232,0.0174694 
  2233,0.0174694 
  2234,0.0174694 
  2235,0.0174694 
  2236,0.0174694 
  2237,0.0174694 
  2238,0.0174694 
  2239,0.0174694 
  2240,0.0174694 
  2241,0.0174694 
  2242,0.0174694 
  2243,0.0174694 
  2244,0.0174694 
  2245,0.0174694 
  2246,0.0174694 
  2247,0.0174694 
  2248,0.0174694 
  2249,0.0174694 
  2250,0.0174694 
  2251,0.0174694 
  2252,0.0174694 
  2253,0.0174694 
  2254,0.0174694 
  2255,0.0174694 
  2256,0.0174694 
  2257,0.0174694 
  2258,0.0174694 
  2259,0.0174694 
  2260,0.0174694 
  2261,0.0174694 
  2262,0.0174694 
  2263,0.015625 
  2264,0.0174694 
  2265,0.015625 
  2266,0.015625 
  2267,0.0174694 
  2268,0.015625 
  2269,0.015625 
  2270,0.015625 
  2271,0.015625 
  2272,0.015625 
  2273,0.015625 
  2274,0.015625 
  2275,0.015625 
  2276,0.015625 
  2277,0.015625 
  2278,0.015625 
  2279,0.015625 
  2280,0.0174694 
  2281,0.015625 
  2282,0.0174694 
  2283,0.0174694 
  2284,0.015625 
  2285,0.0174694 
  2286,0.0174694 
  2287,0.0174694 
  2288,0.0174694 
  2289,0.0174694 
  2290,0.015625 
  2291,0.015625 
  2292,0.015625 
  2293,0.015625 
  2294,0.015625 
  2295,0.015625 
  2296,0.015625 
  2297,0.015625 
  2298,0.0174694 
  2299,0.015625 
  2300,0.0174694 
  2301,0.0174694 
  2302,0.015625 
  2303,0.0174694 
  2304,0.0174694 
  2305,0.0174694 
  2306,0.0174694 
  2307,0.0174694 
  2308,0.015625 
  2309,0.0174694 
  2310,0.015625 
  2311,0.015625 
  2312,0.015625 
  2313,0.015625 
  2314,0.015625 
  2315,0.015625 
  2316,0.0174694 
  2317,0.015625 
  2318,0.015625 
  2319,0.015625 
  2320,0.0174694 
  2321,0.015625 
  2322,0.015625 
  2323,0.0174694 
  2324,0.015625 
  2325,0.015625 
  2326,0.015625 
  2327,0.015625 
  2328,0.015625 
  2329,0.0174694 
  2330,0.015625 
  2331,0.015625 
  2332,0.0174694 
  2333,0.015625 
  2334,0.015625 
  2335,0.015625 
  2336,0.0174694 
  2337,0.015625 
  2338,0.015625 
  2339,0.015625 
  2340,0.015625 
  2341,0.015625 
  2342,0.0174694 
  2343,0.015625 
  2344,0.015625 
  2345,0.015625 
  2346,0.015625 
  2347,0.015625 
  2348,0.015625 
  2349,0.015625 
  2350,0.015625 
  2351,0.015625 
  2352,0.015625 
  2353,0.015625 
  2354,0.015625 
  2355,0.015625 
  2356,0.015625 
  2357,0.015625 
  2358,0.015625 
  2359,0.015625 
  2360,0.015625 
  2361,0.015625 
  2362,0.015625 
  2363,0.015625 
  2364,0.015625 
  2365,0.015625 
  2366,0.015625 
  2367,0.015625 
  2368,0.015625 
  2369,0.015625 
  2370,0.015625 
  2371,0.015625 
  2372,0.015625 
  2373,0.015625 
  2374,0.015625 
  2375,0.015625 
  2376,0.015625 
  2377,0.015625 
  2378,0.015625 
  2379,0.015625 
  2380,0.015625 
  2381,0.015625 
  2382,0.015625 
  2383,0.015625 
  2384,0.0135317 
  2385,0.015625 
  2386,0.0135317 
  2387,0.0135317 
  2388,0.015625 
  2389,0.0135317 
  2390,0.0135317 
  2391,0.0135317 
  2392,0.0135317 
  2393,0.0135317 
  2394,0.0135317 
  2395,0.0135317 
  2396,0.0135317 
  2397,0.0135317 
  2398,0.0135317 
  2399,0.0135317 
  2400,0.0135317 
  2401,0.0135317 
  2402,0.0135317 
  2403,0.0135317 
  2404,0.0135317 
  2405,0.0135317 
  2406,0.0135317 
  2407,0.0135317 
  2408,0.0135317 
  2409,0.0135317 
  2410,0.0135317 
  2411,0.0135317 
  2412,0.0135317 
  2413,0.0135317 
  2414,0.0135317 
  2415,0.0135317 
  2416,0.0135317 
  2417,0.0135317 
  2418,0.0135317 
  2419,0.0135317 
  2420,0.0135317 
  2421,0.0135317 
  2422,0.0135317 
  2423,0.0135317 
  2424,0.0135317 
  2425,0.0135317 
  2426,0.0135317 
  2427,0.0135317 
  2428,0.0135317 
  2429,0.0135317 
  2430,0.0135317 
  2431,0.0135317 
  2432,0.0135317 
  2433,0.0135317 
  2434,0.0135317 
  2435,0.0135317 
  2436,0.0135317 
  2437,0.0135317 
  2438,0.0135317 
  2439,0.0135317 
  2440,0.0135317 
  2441,0.0135317 
  2442,0.0135317 
  2443,0.0135317 
  2444,0.0135317 
  2445,0.0135317 
  2446,0.0135317 
  2447,0.0135317 
  2448,0.0135317 
  2449,0.0135317 
  2450,0.0135317 
  2451,0.0135317 
  2452,0.0135317 
  2453,0.0135317 
  2454,0.0135317 
  2455,0.0135317 
  2456,0.0135317 
  2457,0.0135317 
  2458,0.0135317 
  2459,0.0135317 
  2460,0.0135317 
  2461,0.0135317 
  2462,0.0135317 
  2463,0.0135317 
  2464,0.0135317 
  2465,0.0135317 
  2466,0.0135317 
  2467,0.0135317 
  2468,0.0135317 
  2469,0.0135317 
  2470,0.0135317 
  2471,0.0135317 
  2472,0.0135317 
  2473,0.0135317 
  2474,0.0135317 
  2475,0.0135317 
  2476,0.0135317 
  2477,0.0135317 
  2478,0.0135317 
  2479,0.0135317 
  2480,0.0135317 
  2481,0.0135317 
  2482,0.0135317 
  2483,0.0135317 
  2484,0.0135317 
  2485,0.0135317 
  2486,0.0135317 
  2487,0.0135317 
  2488,0.0135317 
  2489,0.0135317 
  2490,0.0135317 
  2491,0.0135317 
  2492,0.0135317 
  2493,0.0135317 
  2494,0.0135317 
  2495,0.0135317 
  2496,0.0135317 
  2497,0.0135317 
  2498,0.0135317 
  2499,0.0135317 
  2500,0.0135317 
  2501,0.0135317 
  2502,0.0135317 
  2503,0.0135317 
  2504,0.0135317 
  2505,0.0135317 
  2506,0.0135317 
  2507,0.0135317 
  2508,0.0135317 
  2509,0.0135317 
  2510,0.0135317 
  2511,0.0135317 
  2512,0.0135317 
  2513,0.0135317 
  2514,0.0135317 
  2515,0.0135317 
  2516,0.0135317 
  2517,0.0135317 
  2518,0.0135317 
  2519,0.0135317 
  2520,0.0135317 
  2521,0.0135317 
  2522,0.0135317 
  2523,0.0135317 
  2524,0.0135317 
  2525,0.0135317 
  2526,0.0135317 
  2527,0.0135317 
  2528,0.0135317 
  2529,0.0135317 
  2530,0.0135317 
  2531,0.0135317 
  2532,0.0135317 
  2533,0.0135317 
  2534,0.0135317 
  2535,0.0135317 
  2536,0.0135317 
  2537,0.0135317 
  2538,0.0135317 
  2539,0.0135317 
  2540,0.0135317 
  2541,0.0135317 
  2542,0.0135317 
  2543,0.0135317 
  2544,0.0135317 
  2545,0.0135317 
  2546,0.0135317 
  2547,0.0135317 
  2548,0.0135317 
  2549,0.0135317 
  2550,0.0135317 
  2551,0.0135317 
  2552,0.0135317 
  2553,0.0135317 
  2554,0.0135317 
  2555,0.0135317 
  2556,0.0135317 
  2557,0.0135317 
  2558,0.0135317 
  2559,0.0135317 
  2560,0.0135317 
  2561,0.0135317 
  2562,0.0135317 
  2563,0.0135317 
  2564,0.0135317 
  2565,0.0135317 
  2566,0.0135317 
  2567,0.0135317 
  2568,0.0135317 
  2569,0.0135317 
  2570,0.0135317 
  2571,0.0135317 
  2572,0.0135317 
  2573,0.0135317 
  2574,0.0135317 
  2575,0.0135317 
  2576,0.0135317 
  2577,0.0135317 
  2578,0.0135317 
  2579,0.0135317 
  2580,0.0135317 
  2581,0.0135317 
  2582,0.0135317 
  2583,0.0135317 
  2584,0.0135317 
  2585,0.0135317 
  2586,0.0135317 
  2587,0.0135317 
  2588,0.0135317 
  2589,0.0135317 
  2590,0.0135317 
  2591,0.0135317 
  2592,0.0135317 
  2593,0.0135317 
  2594,0.0135317 
  2595,0.0135317 
  2596,0.0135317 
  2597,0.0135317 
  2598,0.0135317 
  2599,0.0135317 
  2600,0.0135317 
  2601,0.0135317 
  2602,0.0135317 
  2603,0.0135317 
  2604,0.0135317 
  2605,0.0135317 
  2606,0.0135317 
  2607,0.0135317 
  2608,0.0135317 
  2609,0.0135317 
  2610,0.0135317 
  2611,0.0135317 
  2612,0.0135317 
  2613,0.0135317 
  2614,0.0135317 
  2615,0.0135317 
  2616,0.0135317 
  2617,0.0135317 
  2618,0.0135317 
  2619,0.0135317 
  2620,0.0135317 
  2621,0.0135317 
  2622,0.0135317 
  2623,0.0135317 
  2624,0.0135317 
  2625,0.0135317 
  2626,0.0135317 
  2627,0.0135317 
  2628,0.0135317 
  2629,0.0135317 
  2630,0.0135317 
  2631,0.0135317 
  2632,0.0135317 
  2633,0.0135317 
  2634,0.0135317 
  2635,0.0135317 
  2636,0.0135317 
  2637,0.0135317 
  2638,0.0135317 
  2639,0.0135317 
  2640,0.0135317 
  2641,0.0135317 
  2642,0.0135317 
  2643,0.0135317 
  2644,0.0135317 
  2645,0.0135317 
  2646,0.0135317 
  2647,0.0135317 
  2648,0.0135317 
  2649,0.0135317 
  2650,0.0135317 
  2651,0.0135317 
  2652,0.0135317 
  2653,0.0135317 
  2654,0.0135317 
  2655,0.0135317 
  2656,0.0135317 
  2657,0.0135317 
  2658,0.0135317 
  2659,0.0135317 
  2660,0.0110483 
  2661,0.0135317 
  2662,0.0110483 
  2663,0.0135317 
  2664,0.0110483 
  2665,0.0110483 
  2666,0.0135317 
  2667,0.0135317 
  2668,0.0110483 
  2669,0.0110483 
  2670,0.0110483 
  2671,0.0135317 
  2672,0.0110483 
  2673,0.0135317 
  2674,0.0110483 
  2675,0.0110483 
  2676,0.0135317 
  2677,0.0110483 
  2678,0.0135317 
  2679,0.0135317 
  2680,0.0110483 
  2681,0.0110483 
  2682,0.0110483 
  2683,0.0135317 
  2684,0.0110483 
  2685,0.0135317 
  2686,0.0135317 
  2687,0.0110483 
  2688,0.0135317 
  2689,0.0110483 
  2690,0.0135317 
  2691,0.0110483 
  2692,0.0110483 
  2693,0.0135317 
  2694,0.0135317 
  2695,0.0110483 
  2696,0.0110483 
  2697,0.0135317 
  2698,0.0110483 
  2699,0.0110483 
  2700,0.0110483 
  2701,0.0110483 
  2702,0.0135317 
  2703,0.0135317 
  2704,0.0135317 
  2705,0.0135317 
  2706,0.0135317 
  2707,0.0110483 
  2708,0.0135317 
  2709,0.0135317 
  2710,0.0135317 
  2711,0.0135317 
  2712,0.0135317 
  2713,0.0135317 
  2714,0.0110483 
  2715,0.0135317 
  2716,0.0135317 
  2717,0.0135317 
  2718,0.0135317 
  2719,0.0110483 
  2720,0.0110483 
  2721,0.0135317 
  2722,0.0135317 
  2723,0.0135317 
  2724,0.0135317 
  2725,0.0135317 
  2726,0.0110483 
  2727,0.0135317 
  2728,0.0135317 
  2729,0.0135317 
  2730,0.0135317 
  2731,0.0135317 
  2732,0.0135317 
  2733,0.0135317 
  2734,0.0110483 
  2735,0.0135317 
  2736,0.0110483 
  2737,0.0110483 
  2738,0.0135317 
  2739,0.0135317 
  2740,0.0110483 
  2741,0.0110483 
  2742,0.0110483 
  2743,0.0110483 
  2744,0.0110483 
  2745,0.0110483 
  2746,0.0110483 
  2747,0.0110483 
  2748,0.0110483 
  2749,0.0110483 
  2750,0.0110483 
  2751,0.0110483 
  2752,0.0110483 
  2753,0.0110483 
  2754,0.0110483 
  2755,0.0110483 
  2756,0.0110483 
  2757,0.0110483 
  2758,0.0110483 
  2759,0.0110483 
  2760,0.0110483 
  2761,0.0110483 
  2762,0.0110483 
  2763,0.0110483 
  2764,0.0110483 
  2765,0.0110483 
  2766,0.0110483 
  2767,0.0110483 
  2768,0.0110483 
  2769,0.0110483 
  2770,0.0110483 
  2771,0.0110483 
  2772,0.0110483 
  2773,0.0110483 
  2774,0.0110483 
  2775,0.0110483 
  2776,0.0110483 
  2777,0.0110483 
  2778,0.0110483 
  2779,0.0110483 
  2780,0.0110483 
  2781,0.0110483 
  2782,0.0110483 
  2783,0.0110483 
  2784,0.0110483 
  2785,0.0110483 
  2786,0.0110483 
  2787,0.0110483 
  2788,0.0110483 
  2789,0.0110483 
  2790,0.0110483 
  2791,0.0110483 
  2792,0.0110483 
  2793,0.0110483 
  2794,0.0110483 
  2795,0.0110483 
  2796,0.0110483 
  2797,0.0110483 
  2798,0.0110483 
  2799,0.0110483 
  2800,0.0110483 
  2801,0.0110483 
  2802,0.0110483 
  2803,0.0110483 
  2804,0.0110483 
  2805,0.0110483 
  2806,0.0110483 
  2807,0.0110483 
  2808,0.0110483 
  2809,0.0110483 
  2810,0.0110483 
  2811,0.0110483 
  2812,0.0110483 
  2813,0.0110483 
  2814,0.0110483 
  2815,0.0110483 
  2816,0.0110483 
  2817,0.0110483 
  2818,0.0110483 
  2819,0.0110483 
  2820,0.0110483 
  2821,0.0110483 
  2822,0.0110483 
  2823,0.0110483 
  2824,0.0110483 
  2825,0.0110483 
  2826,0.0110483 
  2827,0.0110483 
  2828,0.0110483 
  2829,0.0110483 
  2830,0.0110483 
  2831,0.0110483 
  2832,0.0110483 
  2833,0.0110483 
  2834,0.0110483 
  2835,0.0110483 
  2836,0.0110483 
  2837,0.0110483 
  2838,0.0110483 
  2839,0.0110483 
  2840,0.0110483 
  2841,0.0110483 
  2842,0.0110483 
  2843,0.0110483 
  2844,0.0110483 
  2845,0.0110483 
  2846,0.0110483 
  2847,0.0110483 
  2848,0.0110483 
  2849,0.0110483 
  2850,0.0110483 
  2851,0.0110483 
  2852,0.0110483 
  2853,0.0110483 
  2854,0.0110483 
  2855,0.0110483 
  2856,0.0110483 
  2857,0.0110483 
  2858,0.0110483 
  2859,0.0110483 
  2860,0.0110483 
  2861,0.0110483 
  2862,0.0110483 
  2863,0.0110483 
  2864,0.0110483 
  2865,0.0110483 
  2866,0.0110483 
  2867,0.0110483 
  2868,0.0110483 
  2869,0.0110483 
  2870,0.0110483 
  2871,0.0110483 
  2872,0.0110483 
  2873,0.0110483 
  2874,0.0110483 
  2875,0.0110483 
  2876,0.0110483 
  2877,0.0110483 
  2878,0.0110483 
  2879,0.0110483 
  2880,0.0110483 
  2881,0.0110483 
  2882,0.0110483 
  2883,0.0110483 
  2884,0.0110483 
  2885,0.0110483 
  2886,0.0110483 
  2887,0.0110483 
  2888,0.0110483 
  2889,0.0110483 
  2890,0.0110483 
  2891,0.0110483 
  2892,0.0110483 
  2893,0.0110483 
  2894,0.0110483 
  2895,0.0110483 
  2896,0.0110483 
  2897,0.0110483 
  2898,0.0110483 
  2899,0.0110483 
  2900,0.0110483 
  2901,0.0110483 
  2902,0.0110483 
  2903,0.0110483 
  2904,0.0110483 
  2905,0.0110483 
  2906,0.0110483 
  2907,0.0110483 
  2908,0.0110483 
  2909,0.0110483 
  2910,0.0110483 
  2911,0.0110483 
  2912,0.0110483 
  2913,0.0110483 
  2914,0.0110483 
  2915,0.0110483 
  2916,0.0110483 
  2917,0.0110483 
  2918,0.0110483 
  2919,0.0110483 
  2920,0.0110483 
  2921,0.0110483 
  2922,0.0110483 
  2923,0.0110483 
  2924,0.0110483 
  2925,0.0110483 
  2926,0.0110483 
  2927,0.0110483 
  2928,0.0110483 
  2929,0.0110483 
  2930,0.0110483 
  2931,0.0110483 
  2932,0.0110483 
  2933,0.0110483 
  2934,0.0110483 
  2935,0.0110483 
  2936,0.0110483 
  2937,0.0110483 
  2938,0.0110483 
  2939,0.0110483 
  2940,0.0110483 
  2941,0.0110483 
  2942,0.0110483 
  2943,0.0110483 
  2944,0.0110483 
  2945,0.0110483 
  2946,0.0110483 
  2947,0.0110483 
  2948,0.0110483 
  2949,0.0110483 
  2950,0.0110483 
  2951,0.0110483 
  2952,0.0110483 
  2953,0.0110483 
  2954,0.0110483 
  2955,0.0110483 
  2956,0.0110483 
  2957,0.0110483 
  2958,0.0110483 
  2959,0.0110483 
  2960,0.0110483 
  2961,0.0110483 
  2962,0.0110483 
  2963,0.0110483 
  2964,0.0110483 
  2965,0.0110483 
  2966,0.0110483 
  2967,0.0110483 
  2968,0.0110483 
  2969,0.0110483 
  2970,0.0110483 
  2971,0.0110483 
  2972,0.0110483 
  2973,0.0110483 
  2974,0.0110483 
  2975,0.0110483 
  2976,0.0110483 
  2977,0.0110483 
  2978,0.0110483 
  2979,0.0110483 
  2980,0.0110483 
  2981,0.0110483 
  2982,0.0110483 
  2983,0.0110483 
  2984,0.0110483 
  2985,0.0110483 
  2986,0.0110483 
  2987,0.0110483 
  2988,0.0110483 
  2989,0.0110483 
  2990,0.0110483 
  2991,0.0110483 
  2992,0.0110483 
  2993,0.0110483 
  2994,0.0110483 
  2995,0.0110483 
  2996,0.0110483 
  2997,0.0110483 
  2998,0.0110483 
  2999,0.0110483 
  3000,0.0110483 
  3001,0.0110483 
  3002,0.0110483 
  3003,0.0110483 
  3004,0.0110483 
  3005,0.0110483 
  3006,0.0110483 
  3007,0.0110483 
  3008,0.0110483 
  3009,0.0110483 
  3010,0.0110483 
  3011,0.0110483 
  3012,0.0110483 
  3013,0.0110483 
  3014,0.0110483 
  3015,0.0110483 
  3016,0.0110483 
  3017,0.0110483 
  3018,0.0110483 
  3019,0.0110483 
  3020,0.0110483 
  3021,0.0110483 
  3022,0.0110483 
  3023,0.0110483 
  3024,0.0110483 
  3025,0.0110483 
  3026,0.0110483 
  3027,0.0110483 
  3028,0.0110483 
  3029,0.0110483 
  3030,0.0110483 
  3031,0.0110483 
  3032,0.0110483 
  3033,0.0110483 
  3034,0.0110483 
  3035,0.0110483 
  3036,0.0110483 
  3037,0.0110483 
  3038,0.0110483 
  3039,0.0110483 
  3040,0.0110483 
  3041,0.0110483 
  3042,0.0110483 
  3043,0.0110483 
  3044,0.0110483 
  3045,0.0110483 
  3046,0.0110483 
  3047,0.0110483 
  3048,0.0110483 
  3049,0.0110483 
  3050,0.0110483 
  3051,0.0110483 
  3052,0.0110483 
  3053,0.0110483 
  3054,0.0110483 
  3055,0.0110483 
  3056,0.0110483 
  3057,0.0110483 
  3058,0.0110483 
  3059,0.0110483 
  3060,0.0110483 
  3061,0.0110483 
  3062,0.0110483 
  3063,0.0110483 
  3064,0.0110483 
  3065,0.0110483 
  3066,0.0110483 
  3067,0.0110483 
  3068,0.0110483 
  3069,0.0110483 
  3070,0.0110483 
  3071,0.0110483 
  3072,0.0110483 
  3073,0.0110483 
  3074,0.0110483 
  3075,0.0110483 
  3076,0.0110483 
  3077,0.0110483 
  3078,0.0110483 
  3079,0.0110483 
  3080,0.0110483 
  3081,0.0110483 
  3082,0.0110483 
  3083,0.0110483 
  3084,0.0110483 
  3085,0.0110483 
  3086,0.0110483 
  3087,0.0110483 
  3088,0.0110483 
  3089,0.0110483 
  3090,0.0110483 
  3091,0.0110483 
  3092,0.0110483 
  3093,0.0110483 
  3094,0.0110483 
  3095,0.0110483 
  3096,0.0110483 
  3097,0.0110483 
  3098,0.0110483 
  3099,0.0110483 
  3100,0.0110483 
  3101,0.0110483 
  3102,0.0110483 
  3103,0.0110483 
  3104,0.0110483 
  3105,0.0110483 
  3106,0.0110483 
  3107,0.0110483 
  3108,0.0110483 
  3109,0.0110483 
  3110,0.0110483 
  3111,0.0110483 
  3112,0.0110483 
  3113,0.0110483 
  3114,0.0110483 
  3115,0.0110483 
  3116,0.0110483 
  3117,0.0110483 
  3118,0.0110483 
  3119,0.0110483 
  3120,0.0110483 
  3121,0.0110483 
  3122,0.0110483 
  3123,0.0110483 
  3124,0.0110483 
  3125,0.0110483 
  3126,0.0110483 
  3127,0.0110483 
  3128,0.0110483 
  3129,0.0110483 
  3130,0.0110483 
  3131,0.0110483 
  3132,0.0110483 
  3133,0.0110483 
  3134,0.0110483 
  3135,0.0110483 
  3136,0.0110483 
  3137,0.0110483 
  3138,0.0110483 
  3139,0.0110483 
  3140,0.0110483 
  3141,0.0110483 
  3142,0.0110483 
  3143,0.0110483 
  3144,0.0110483 
  3145,0.0110483 
  3146,0.0110483 
  3147,0.0110483 
  3148,0.0110483 
  3149,0.0110483 
  3150,0.0110483 
  3151,0.0110483 
  3152,0.0110483 
  3153,0.0110483 
  3154,0.0110483 
  3155,0.0110483 
  3156,0.0110483 
  3157,0.0110483 
  3158,0.0110483 
  3159,0.0110483 
  3160,0.0110483 
  3161,0.0110483 
  3162,0.0110483 
  3163,0.0110483 
  3164,0.0110483 
  3165,0.0110483 
  3166,0.0110483 
  3167,0.0110483 
  3168,0.0110483 
  3169,0.0110483 
  3170,0.0110483 
  3171,0.0110483 
  3172,0.0110483 
  3173,0.0110483 
  3174,0.0110483 
  3175,0.0110483 
  3176,0.0110483 
  3177,0.0110483 
  3178,0.0110483 
  3179,0.0110483 
  3180,0.0110483 
  3181,0.0110483 
  3182,0.0110483 
  3183,0.0110483 
  3184,0.0110483 
  3185,0.0110483 
  3186,0.0110483 
  3187,0.0110483 
  3188,0.0110483 
  3189,0.0110483 
  3190,0.0110483 
  3191,0.0110483 
  3192,0.0110483 
  3193,0.0110483 
  3194,0.0110483 
  3195,0.0110483 
  3196,0.0110483 
  3197,0.0110483 
  3198,0.0110483 
  3199,0.0110483 
  3200,0.0110483 
  3201,0.0110483 
  3202,0.0110483 
  3203,0.0110483 
  3204,0.0110483 
  3205,0.0110483 
  3206,0.0110483 
  3207,0.0110483 
  3208,0.0110483 
  3209,0.0110483 
  3210,0.0110483 
  3211,0.0110483 
  3212,0.0110483 
  3213,0.0110483 
  3214,0.0110483 
  3215,0.0110483 
  3216,0.0110483 
  3217,0.0110483 
  3218,0.0110483 
  3219,0.0110483 
  3220,0.0110483 
  3221,0.0110483 
  3222,0.0110483 
  3223,0.0110483 
  3224,0.0110483 
  3225,0.0110483 
  3226,0.0110483 
  3227,0.0110483 
  3228,0.0110483 
  3229,0.0110483 
  3230,0.0110483 
  3231,0.0110483 
  3232,0.0110483 
  3233,0.0110483 
  3234,0.0110483 
  3235,0.0110483 
  3236,0.0110483 
  3237,0.0110483 
  3238,0.0110483 
  3239,0.0110483 
  3240,0.0110483 
  3241,0.0110483 
  3242,0.0110483 
  3243,0.0110483 
  3244,0.0110483 
  3245,0.0110483 
  3246,0.0110483 
  3247,0.0110483 
  3248,0.0110483 
  3249,0.0110483 
  3250,0.0110483 
  3251,0.0110483 
  3252,0.0110483 
  3253,0.0110483 
  3254,0.0110483 
  3255,0.0110483 
  3256,0.0110483 
  3257,0.0110483 
  3258,0.0110483 
  3259,0.0110483 
  3260,0.0110483 
  3261,0.0110483 
  3262,0.0110483 
  3263,0.0110483 
  3264,0.0110483 
  3265,0.0110483 
  3266,0.0110483 
  3267,0.0110483 
  3268,0.0110483 
  3269,0.0110483 
  3270,0.0110483 
  3271,0.0110483 
  3272,0.0110483 
  3273,0.0110483 
  3274,0.0110483 
  3275,0.0110483 
  3276,0.0110483 
  3277,0.0110483 
  3278,0.0110483 
  3279,0.0110483 
  3280,0.0110483 
  3281,0.0110483 
  3282,0.0110483 
  3283,0.0110483 
  3284,0.0110483 
  3285,0.0110483 
  3286,0.0110483 
  3287,0.0110483 
  3288,0.0110483 
  3289,0.0110483 
  3290,0.0110483 
  3291,0.0110483 
  3292,0.0110483 
  3293,0.0110483 
  3294,0.0110483 
  3295,0.0110483 
  3296,0.0110483 
  3297,0.0110483 
  3298,0.0110483 
  3299,0.0110483 
  3300,0.0110483 
  3301,0.0110483 
  3302,0.0110483 
  3303,0.0110483 
  3304,0.0110483 
  3305,0.0110483 
  3306,0.0110483 
  3307,0.0110483 
  3308,0.0110483 
  3309,0.0110483 
  3310,0.0110483 
  3311,0.0110483 
  3312,0.0110483 
  3313,0.0110483 
  3314,0.0110483 
  3315,0.0110483 
  3316,0.0110483 
  3317,0.0110483 
  3318,0.0110483 
  3319,0.0078125 
  3320,0.0110483 
  3321,0.0110483 
  3322,0.0110483 
  3323,0.0078125 
  3324,0.0078125 
  3325,0.0078125 
  3326,0.0078125 
  3327,0.0078125 
  3328,0.0078125 
  3329,0.0078125 
  3330,0.0078125 
  3331,0.0078125 
  3332,0.0078125 
  3333,0.0078125 
  3334,0.0078125 
  3335,0.0078125 
  3336,0.0078125 
  3337,0.0078125 
  3338,0.0078125 
  3339,0.0078125 
  3340,0.0078125 
  3341,0.0078125 
  3342,0.0078125 
  3343,0.0078125 
  3344,0.0078125 
  3345,0.0078125 
  3346,0.0078125 
  3347,0.0078125 
  3348,0.0078125 
  3349,0.0078125 
  3350,0.0078125 
  3351,0.0078125 
  3352,0.0078125 
  3353,0.0078125 
  3354,0.0078125 
  3355,0.0078125 
  3356,0.0078125 
  3357,0.0078125 
  3358,0.0078125 
  3359,0.0078125 
  3360,0.0078125 
  3361,0.0078125 
  3362,0.0078125 
  3363,0.0078125 
  3364,0.0078125 
  3365,0.0078125 
  3366,0.0078125 
  3367,0.0078125 
  3368,0.0078125 
  3369,0.0078125 
  3370,0.0078125 
  3371,0.0078125 
  3372,0.0078125 
  3373,0.0078125 
  3374,0.0078125 
  3375,0.0078125 
  3376,0.0078125 
  3377,0.0078125 
  3378,0.0078125 
  3379,0.0078125 
  3380,0.0078125 
  3381,0.0078125 
  3382,0.0078125 
  3383,0.0078125 
  3384,0.0078125 
  3385,0.0078125 
  3386,0.0078125 
  3387,0.0078125 
  3388,0.0078125 
  3389,0.0078125 
  3390,0.0078125 
  3391,0.0078125 
  3392,0.0078125 
  3393,0.0078125 
  3394,0.0078125 
  3395,0.0078125 
  3396,0.0078125 
  3397,0.0078125 
  3398,0.0078125 
  3399,0.0078125 
  3400,0.0078125 
  3401,0.0078125 
  3402,0.0078125 
  3403,0.0078125 
  3404,0.0078125 
  3405,0.0078125 
  3406,0.0078125 
  3407,0.0078125 
  3408,0.0078125 
  3409,0.0078125 
  3410,0.0078125 
  3411,0.0078125 
  3412,0.0078125 
  3413,0.0078125 
  3414,0.0078125 
  3415,0.0078125 
  3416,0.0078125 
  3417,0.0078125 
  3418,0.0078125 
  3419,0.0078125 
  3420,0.0078125 
  3421,0.0078125 
  3422,0.0078125 
  3423,0.0078125 
  3424,0.0078125 
  3425,0.0078125 
  3426,0.0078125 
  3427,0.0078125 
  3428,0.0078125 
  3429,0.0078125 
  3430,0.0078125 
  3431,0.0078125 
  3432,0.0078125 
  3433,0.0078125 
  3434,0.0078125 
  3435,0.0078125 
  3436,0.0078125 
  3437,0.0078125 
  3438,0.0078125 
  3439,0.0078125 
  3440,0.0078125 
  3441,0.0078125 
  3442,0.0078125 
  3443,0.0078125 
  3444,0.0078125 
  3445,0.0078125 
  3446,0.0078125 
  3447,0.0078125 
  3448,0.0078125 
  3449,0.0078125 
  3450,0.0078125 
  3451,0.0078125 
  3452,0.0078125 
  3453,0.0078125 
  3454,0.0078125 
  3455,0.0078125 
  3456,0.0078125 
  3457,0.0078125 
  3458,0.0078125 
  3459,0.0078125 
  3460,0.0078125 
  3461,0.0078125 
  3462,0.0078125 
  3463,0.0078125 
  3464,0.0078125 
  3465,0.0078125 
  3466,0.0078125 
  3467,0.0078125 
  3468,0.0078125 
  3469,0.0078125 
  3470,0.0078125 
  3471,0.0078125 
  3472,0.0078125 
  3473,0.0078125 
  3474,0.0078125 
  3475,0.0078125 
  3476,0.0078125 
  3477,0.0078125 
  3478,0.0078125 
  3479,0.0078125 
  3480,0.0078125 
  3481,0.0078125 
  3482,0.0078125 
  3483,0.0078125 
  3484,0.0078125 
  3485,0.0078125 
  3486,0.0078125 
  3487,0.0078125 
  3488,0.0078125 
  3489,0.0078125 
  3490,0.0078125 
  3491,0.0078125 
  3492,0.0078125 
  3493,0.0078125 
  3494,0.0078125 
  3495,0.0078125 
  3496,0.0078125 
  3497,0.0078125 
  3498,0.0078125 
  3499,0.0078125 
  3500,0.0078125 
  3501,0.0078125 
  3502,0.0078125 
  3503,0.0078125 
  3504,0.0078125 
  3505,0.0078125 
  3506,0.0078125 
  3507,0.0078125 
  3508,0.0078125 
  3509,0.0078125 
  3510,0.0078125 
  3511,0.0078125 
  3512,0.0078125 
  3513,0.0078125 
  3514,0.0078125 
  3515,0.0078125 
  3516,0.0078125 
  3517,0.0078125 
  3518,0.0078125 
  3519,0.0078125 
  3520,0.0078125 
  3521,0.0078125 
  3522,0.0078125 
  3523,0.0078125 
  3524,0.0078125 
  3525,0.0078125 
  3526,0.0078125 
  3527,0.0078125 
  3528,0.0078125 
  3529,0.0078125 
  3530,0.0078125 
  3531,0.0078125 
  3532,0.0078125 
  3533,0.0078125 
  3534,0.0078125 
  3535,0.0078125 
  3536,0.0078125 
  3537,0.0078125 
  3538,0.0078125 
  3539,0.0078125 
  3540,0.0078125 
  3541,0.0078125 
  3542,0.0078125 
  3543,0.0078125 
  3544,0.0078125 
  3545,0.0078125 
  3546,0.0078125 
  3547,0.0078125 
  3548,0.0078125 
  3549,0.0078125 
  3550,0.0078125 
  3551,0.0078125 
  3552,0.0078125 
  3553,0.0078125 
  3554,0.0078125 
  3555,0.0078125 
  3556,0.0078125 
  3557,0.0078125 
  3558,0.0078125 
  3559,0.0078125 
  3560,0.0078125 
  3561,0.0078125 
  3562,0.0078125 
  3563,0.0078125 
  3564,0.0078125 
  3565,0.0078125 
  3566,0.0078125 
  3567,0.0078125 
  3568,0.0078125 
  3569,0.0078125 
  3570,0.0078125 
  3571,0.0078125 
  3572,0.0078125 
  3573,0.0078125 
  3574,0.0078125 
  3575,0.0078125 
  3576,0.0078125 
  3577,0.0078125 
  3578,0.0078125 
  3579,0.0078125 
  3580,0.0078125 
  3581,0.0078125 
  3582,0.0078125 
  3583,0.0078125 
  3584,0.0078125 
  3585,0.0078125 
  3586,0.0078125 
  3587,0.0078125 
  3588,0.0078125 
  3589,0.0078125 
  3590,0.0078125 
  3591,0.0078125 
  3592,0.0078125 
  3593,0.0078125 
  3594,0.0078125 
  3595,0.0078125 
  3596,0.0078125 
  3597,0.0078125 
  3598,0.0078125 
  3599,0.0078125 
  3600,0.0078125 
  3601,0.0078125 
  3602,0.0078125 
  3603,0.0078125 
  3604,0.0078125 
  3605,0.0078125 
  3606,0.0078125 
  3607,0.0078125 
  3608,0.0078125 
  3609,0.0078125 
  3610,0.0078125 
  3611,0.0078125 
  3612,0.0078125 
  3613,0.0078125 
  3614,0.0078125 
  3615,0.0078125 
  3616,0.0078125 
  3617,0.0078125 
  3618,0.0078125 
  3619,0.0078125 
  3620,0.0078125 
  3621,0.0078125 
  3622,0.0078125 
  3623,0.0078125 
  3624,0.0078125 
  3625,0.0078125 
  3626,0.0078125 
  3627,0.0078125 
  3628,0.0078125 
  3629,0.0078125 
  3630,0.0078125 
  3631,0.0078125 
  3632,0.0078125 
  3633,0.0078125 
  3634,0.0078125 
  3635,0.0078125 
  3636,0.0078125 
  3637,0.0078125 
  3638,0.0078125 
  3639,0.0078125 
  3640,0.0078125 
  3641,0.0078125 
  3642,0.0078125 
  3643,0.0078125 
  3644,0.0078125 
  3645,0.0078125 
  3646,0.0078125 
  3647,0.0078125 
  3648,0.0078125 
  3649,0.0078125 
  3650,0.0078125 
  3651,0.0078125 
  3652,0.0078125 
  3653,0.0078125 
  3654,0.0078125 
  3655,0.0078125 
  3656,0.0078125 
  3657,0.0078125 
  3658,0.0078125 
  3659,0.0078125 
  3660,0.0078125 
  3661,0.0078125 
  3662,0.0078125 
  3663,0.0078125 
  3664,0.0078125 
  3665,0.0078125 
  3666,0.0078125 
  3667,0.0078125 
  3668,0.0078125 
  3669,0.0078125 
  3670,0.0078125 
  3671,0.0078125 
  3672,0.0078125 
  3673,0.0078125 
  3674,0.0078125 
  3675,0.0078125 
  3676,0.0078125 
  3677,0.0078125 
