# iteration error 
  0,0.090436 
  1,0.0681076 
  2,0.0574102 
  3,0.0506306 
  4,0.0455542 
  5,0.0420713 
  6,0.0390625 
  7,0.036644 
  8,0.0358009 
  9,0.0340538 
  10,0.0331459 
  11,0.0322113 
  12,0.0322113 
  13,0.03125 
  14,0.03125 
  15,0.03125 
  16,0.0302572 
  17,0.0302572 
  18,0.0302572 
  19,0.0302572 
  20,0.0302572 
  21,0.0302572 
  22,0.029232 
  23,0.029232 
  24,0.029232 
  25,0.029232 
  26,0.029232 
  27,0.029232 
  28,0.029232 
  29,0.029232 
  30,0.029232 
  31,0.029232 
  32,0.029232 
  33,0.029232 
  34,0.029232 
  35,0.029232 
  36,0.029232 
  37,0.029232 
  38,0.029232 
  39,0.029232 
  40,0.029232 
  41,0.029232 
  42,0.029232 
  43,0.029232 
  44,0.029232 
  45,0.029232 
  46,0.029232 
  47,0.029232 
  48,0.029232 
  49,0.029232 
  50,0.029232 
  51,0.029232 
  52,0.029232 
  53,0.029232 
  54,0.029232 
  55,0.029232 
  56,0.029232 
  57,0.029232 
  58,0.029232 
  59,0.029232 
  60,0.029232 
  61,0.029232 
  62,0.029232 
  63,0.029232 
  64,0.029232 
  65,0.029232 
  66,0.029232 
  67,0.029232 
  68,0.029232 
  69,0.029232 
  70,0.029232 
  71,0.029232 
  72,0.029232 
  73,0.029232 
  74,0.029232 
  75,0.029232 
  76,0.029232 
  77,0.029232 
  78,0.029232 
  79,0.029232 
  80,0.029232 
  81,0.029232 
  82,0.029232 
  83,0.029232 
  84,0.029232 
  85,0.029232 
  86,0.029232 
  87,0.029232 
  88,0.029232 
  89,0.029232 
  90,0.029232 
  91,0.029232 
  92,0.029232 
  93,0.029232 
  94,0.029232 
  95,0.029232 
  96,0.029232 
  97,0.029232 
  98,0.029232 
  99,0.029232 
  100,0.029232 
  101,0.029232 
  102,0.029232 
  103,0.029232 
  104,0.029232 
  105,0.029232 
  106,0.029232 
  107,0.029232 
  108,0.029232 
  109,0.029232 
  110,0.029232 
  111,0.029232 
  112,0.029232 
  113,0.029232 
  114,0.029232 
  115,0.029232 
  116,0.029232 
  117,0.029232 
  118,0.029232 
  119,0.029232 
  120,0.029232 
  121,0.029232 
  122,0.029232 
  123,0.029232 
  124,0.029232 
  125,0.029232 
  126,0.029232 
  127,0.029232 
  128,0.029232 
  129,0.029232 
  130,0.029232 
  131,0.029232 
  132,0.029232 
  133,0.029232 
  134,0.029232 
  135,0.029232 
  136,0.029232 
  137,0.029232 
  138,0.029232 
  139,0.029232 
  140,0.029232 
  141,0.029232 
  142,0.029232 
  143,0.029232 
  144,0.029232 
  145,0.029232 
  146,0.029232 
  147,0.029232 
  148,0.029232 
  149,0.029232 
  150,0.029232 
  151,0.029232 
  152,0.029232 
  153,0.029232 
  154,0.029232 
  155,0.029232 
  156,0.029232 
  157,0.029232 
  158,0.029232 
  159,0.029232 
  160,0.029232 
  161,0.029232 
  162,0.029232 
  163,0.029232 
  164,0.029232 
  165,0.029232 
  166,0.029232 
  167,0.029232 
  168,0.029232 
  169,0.029232 
  170,0.029232 
  171,0.029232 
  172,0.029232 
  173,0.029232 
  174,0.029232 
  175,0.029232 
  176,0.029232 
  177,0.029232 
  178,0.029232 
  179,0.029232 
  180,0.029232 
  181,0.029232 
  182,0.029232 
  183,0.029232 
  184,0.029232 
  185,0.029232 
  186,0.029232 
  187,0.029232 
  188,0.029232 
  189,0.029232 
  190,0.029232 
  191,0.029232 
  192,0.029232 
  193,0.029232 
  194,0.029232 
  195,0.029232 
  196,0.029232 
  197,0.029232 
  198,0.029232 
  199,0.029232 
  200,0.029232 
  201,0.029232 
  202,0.029232 
  203,0.029232 
  204,0.029232 
  205,0.029232 
  206,0.029232 
  207,0.029232 
  208,0.029232 
  209,0.029232 
  210,0.029232 
  211,0.029232 
  212,0.029232 
  213,0.029232 
  214,0.029232 
  215,0.029232 
  216,0.029232 
  217,0.029232 
  218,0.029232 
  219,0.029232 
  220,0.029232 
  221,0.029232 
  222,0.029232 
  223,0.029232 
  224,0.029232 
  225,0.029232 
  226,0.029232 
  227,0.029232 
  228,0.029232 
  229,0.029232 
  230,0.029232 
  231,0.029232 
  232,0.029232 
  233,0.029232 
  234,0.029232 
  235,0.029232 
  236,0.029232 
  237,0.029232 
  238,0.029232 
  239,0.029232 
  240,0.029232 
  241,0.029232 
  242,0.029232 
  243,0.029232 
  244,0.029232 
  245,0.029232 
  246,0.029232 
  247,0.029232 
  248,0.029232 
  249,0.029232 
  250,0.029232 
  251,0.029232 
  252,0.029232 
  253,0.029232 
  254,0.029232 
  255,0.029232 
  256,0.029232 
  257,0.029232 
  258,0.029232 
  259,0.029232 
  260,0.029232 
  261,0.029232 
  262,0.029232 
  263,0.029232 
  264,0.029232 
  265,0.029232 
  266,0.029232 
  267,0.029232 
  268,0.029232 
  269,0.029232 
  270,0.029232 
  271,0.029232 
  272,0.029232 
  273,0.029232 
  274,0.029232 
  275,0.029232 
  276,0.029232 
  277,0.029232 
  278,0.029232 
  279,0.029232 
  280,0.029232 
  281,0.029232 
  282,0.029232 
  283,0.029232 
  284,0.029232 
  285,0.029232 
  286,0.029232 
  287,0.029232 
  288,0.029232 
  289,0.029232 
  290,0.029232 
  291,0.029232 
  292,0.029232 
  293,0.029232 
  294,0.029232 
  295,0.029232 
  296,0.029232 
  297,0.029232 
  298,0.029232 
  299,0.029232 
  300,0.029232 
  301,0.029232 
  302,0.029232 
  303,0.029232 
  304,0.029232 
  305,0.029232 
  306,0.029232 
  307,0.029232 
  308,0.029232 
  309,0.029232 
  310,0.029232 
  311,0.029232 
  312,0.029232 
  313,0.029232 
  314,0.029232 
  315,0.029232 
  316,0.029232 
  317,0.029232 
  318,0.029232 
  319,0.029232 
  320,0.029232 
  321,0.029232 
  322,0.029232 
  323,0.029232 
  324,0.029232 
  325,0.029232 
  326,0.029232 
  327,0.029232 
  328,0.029232 
  329,0.029232 
  330,0.029232 
  331,0.029232 
  332,0.029232 
  333,0.029232 
  334,0.029232 
  335,0.029232 
  336,0.029232 
  337,0.029232 
  338,0.029232 
  339,0.029232 
  340,0.029232 
  341,0.029232 
  342,0.029232 
  343,0.029232 
  344,0.029232 
  345,0.029232 
  346,0.029232 
  347,0.029232 
  348,0.029232 
  349,0.029232 
  350,0.029232 
  351,0.029232 
  352,0.029232 
  353,0.029232 
  354,0.029232 
  355,0.029232 
  356,0.029232 
  357,0.029232 
  358,0.029232 
  359,0.029232 
  360,0.029232 
  361,0.029232 
  362,0.029232 
  363,0.029232 
  364,0.029232 
  365,0.029232 
  366,0.029232 
  367,0.029232 
  368,0.029232 
  369,0.029232 
  370,0.029232 
  371,0.029232 
  372,0.029232 
  373,0.029232 
  374,0.029232 
  375,0.029232 
  376,0.029232 
  377,0.029232 
  378,0.029232 
  379,0.029232 
  380,0.029232 
  381,0.029232 
  382,0.029232 
  383,0.029232 
  384,0.029232 
  385,0.029232 
  386,0.029232 
  387,0.029232 
  388,0.029232 
  389,0.029232 
  390,0.029232 
  391,0.029232 
  392,0.029232 
  393,0.029232 
  394,0.029232 
  395,0.029232 
  396,0.029232 
  397,0.029232 
  398,0.029232 
  399,0.029232 
  400,0.029232 
  401,0.029232 
  402,0.029232 
  403,0.029232 
  404,0.029232 
  405,0.029232 
  406,0.029232 
  407,0.029232 
  408,0.029232 
  409,0.029232 
  410,0.029232 
  411,0.029232 
  412,0.029232 
  413,0.029232 
  414,0.029232 
  415,0.029232 
  416,0.029232 
  417,0.029232 
  418,0.029232 
  419,0.029232 
  420,0.029232 
  421,0.029232 
  422,0.029232 
  423,0.029232 
  424,0.029232 
  425,0.029232 
  426,0.029232 
  427,0.029232 
  428,0.029232 
  429,0.029232 
  430,0.029232 
  431,0.029232 
  432,0.029232 
  433,0.029232 
  434,0.029232 
  435,0.029232 
  436,0.029232 
  437,0.029232 
  438,0.029232 
  439,0.029232 
  440,0.029232 
  441,0.029232 
  442,0.029232 
  443,0.029232 
  444,0.029232 
  445,0.029232 
  446,0.029232 
  447,0.029232 
  448,0.029232 
  449,0.029232 
  450,0.029232 
  451,0.029232 
  452,0.029232 
  453,0.029232 
  454,0.029232 
  455,0.029232 
  456,0.029232 
  457,0.029232 
  458,0.029232 
  459,0.029232 
  460,0.029232 
  461,0.029232 
  462,0.029232 
  463,0.029232 
  464,0.029232 
  465,0.029232 
  466,0.029232 
  467,0.029232 
  468,0.029232 
  469,0.029232 
  470,0.029232 
  471,0.029232 
  472,0.029232 
  473,0.029232 
  474,0.029232 
  475,0.029232 
  476,0.029232 
  477,0.029232 
  478,0.029232 
  479,0.029232 
  480,0.029232 
  481,0.029232 
  482,0.029232 
  483,0.029232 
  484,0.029232 
  485,0.029232 
  486,0.029232 
  487,0.029232 
  488,0.029232 
  489,0.029232 
  490,0.029232 
  491,0.029232 
  492,0.029232 
  493,0.029232 
  494,0.029232 
  495,0.029232 
  496,0.029232 
  497,0.029232 
  498,0.029232 
  499,0.029232 
  500,0.029232 
  501,0.029232 
  502,0.029232 
  503,0.029232 
  504,0.029232 
  505,0.029232 
  506,0.029232 
  507,0.029232 
  508,0.029232 
  509,0.029232 
  510,0.029232 
  511,0.029232 
  512,0.029232 
  513,0.029232 
  514,0.029232 
  515,0.029232 
  516,0.029232 
  517,0.029232 
  518,0.029232 
  519,0.029232 
  520,0.029232 
  521,0.029232 
  522,0.029232 
  523,0.029232 
  524,0.029232 
  525,0.029232 
  526,0.029232 
  527,0.029232 
  528,0.029232 
  529,0.029232 
  530,0.029232 
  531,0.029232 
  532,0.029232 
  533,0.029232 
  534,0.029232 
  535,0.029232 
  536,0.029232 
  537,0.029232 
  538,0.029232 
  539,0.029232 
  540,0.029232 
  541,0.029232 
  542,0.029232 
  543,0.029232 
  544,0.029232 
  545,0.029232 
  546,0.029232 
  547,0.029232 
  548,0.029232 
  549,0.029232 
  550,0.029232 
  551,0.029232 
  552,0.029232 
  553,0.029232 
  554,0.029232 
  555,0.029232 
  556,0.029232 
  557,0.029232 
  558,0.029232 
  559,0.029232 
  560,0.029232 
  561,0.029232 
  562,0.029232 
  563,0.029232 
  564,0.029232 
  565,0.029232 
  566,0.029232 
  567,0.029232 
  568,0.029232 
  569,0.029232 
  570,0.029232 
  571,0.029232 
  572,0.029232 
  573,0.029232 
  574,0.029232 
  575,0.029232 
  576,0.029232 
  577,0.029232 
  578,0.029232 
  579,0.029232 
  580,0.029232 
  581,0.029232 
  582,0.029232 
  583,0.029232 
  584,0.029232 
  585,0.029232 
  586,0.029232 
  587,0.029232 
  588,0.029232 
  589,0.029232 
  590,0.029232 
  591,0.029232 
  592,0.029232 
  593,0.029232 
  594,0.029232 
  595,0.029232 
  596,0.029232 
  597,0.029232 
  598,0.029232 
  599,0.029232 
  600,0.029232 
  601,0.029232 
  602,0.029232 
  603,0.029232 
  604,0.029232 
  605,0.029232 
  606,0.029232 
  607,0.029232 
  608,0.029232 
  609,0.029232 
  610,0.029232 
  611,0.029232 
  612,0.029232 
  613,0.029232 
  614,0.029232 
  615,0.029232 
  616,0.029232 
  617,0.029232 
  618,0.029232 
  619,0.029232 
  620,0.029232 
  621,0.029232 
  622,0.029232 
  623,0.029232 
  624,0.029232 
  625,0.029232 
  626,0.029232 
  627,0.029232 
  628,0.029232 
  629,0.029232 
  630,0.029232 
  631,0.029232 
  632,0.029232 
  633,0.029232 
  634,0.029232 
  635,0.029232 
  636,0.029232 
  637,0.029232 
  638,0.029232 
  639,0.029232 
  640,0.029232 
  641,0.029232 
  642,0.029232 
  643,0.029232 
  644,0.029232 
  645,0.029232 
  646,0.029232 
  647,0.029232 
  648,0.029232 
  649,0.029232 
  650,0.029232 
  651,0.029232 
  652,0.029232 
  653,0.029232 
  654,0.029232 
  655,0.029232 
  656,0.029232 
  657,0.029232 
  658,0.029232 
  659,0.029232 
  660,0.029232 
  661,0.029232 
  662,0.029232 
  663,0.029232 
  664,0.029232 
  665,0.029232 
  666,0.029232 
  667,0.029232 
  668,0.029232 
  669,0.029232 
  670,0.029232 
  671,0.029232 
  672,0.029232 
  673,0.029232 
  674,0.029232 
  675,0.029232 
  676,0.029232 
  677,0.029232 
  678,0.029232 
  679,0.029232 
  680,0.029232 
  681,0.029232 
  682,0.029232 
  683,0.029232 
  684,0.029232 
  685,0.029232 
  686,0.029232 
  687,0.029232 
  688,0.029232 
  689,0.029232 
  690,0.029232 
  691,0.029232 
  692,0.029232 
  693,0.029232 
  694,0.029232 
  695,0.029232 
  696,0.029232 
  697,0.029232 
  698,0.029232 
  699,0.029232 
  700,0.029232 
  701,0.029232 
  702,0.029232 
  703,0.029232 
  704,0.029232 
  705,0.029232 
  706,0.029232 
  707,0.029232 
  708,0.029232 
  709,0.029232 
  710,0.029232 
  711,0.029232 
  712,0.029232 
  713,0.029232 
  714,0.029232 
  715,0.029232 
  716,0.029232 
  717,0.029232 
  718,0.029232 
  719,0.029232 
  720,0.029232 
  721,0.029232 
  722,0.029232 
  723,0.029232 
  724,0.029232 
  725,0.029232 
  726,0.029232 
  727,0.029232 
  728,0.029232 
  729,0.029232 
  730,0.029232 
  731,0.029232 
  732,0.029232 
  733,0.029232 
  734,0.029232 
  735,0.029232 
  736,0.029232 
  737,0.029232 
  738,0.029232 
  739,0.029232 
  740,0.029232 
  741,0.029232 
  742,0.029232 
  743,0.029232 
  744,0.029232 
  745,0.029232 
  746,0.029232 
  747,0.029232 
  748,0.029232 
  749,0.029232 
  750,0.029232 
  751,0.029232 
  752,0.029232 
  753,0.029232 
  754,0.029232 
  755,0.029232 
  756,0.029232 
  757,0.029232 
  758,0.029232 
  759,0.029232 
  760,0.029232 
  761,0.029232 
  762,0.029232 
  763,0.029232 
  764,0.029232 
  765,0.029232 
  766,0.029232 
  767,0.029232 
  768,0.029232 
  769,0.029232 
  770,0.029232 
  771,0.029232 
  772,0.029232 
  773,0.029232 
  774,0.029232 
  775,0.029232 
  776,0.029232 
  777,0.029232 
  778,0.029232 
  779,0.029232 
  780,0.029232 
  781,0.029232 
  782,0.029232 
  783,0.029232 
  784,0.029232 
  785,0.029232 
  786,0.029232 
  787,0.029232 
  788,0.029232 
  789,0.029232 
  790,0.029232 
  791,0.029232 
  792,0.029232 
  793,0.029232 
  794,0.029232 
  795,0.029232 
  796,0.029232 
  797,0.029232 
  798,0.029232 
  799,0.029232 
  800,0.029232 
  801,0.029232 
  802,0.029232 
  803,0.029232 
  804,0.029232 
  805,0.029232 
  806,0.029232 
  807,0.029232 
  808,0.029232 
  809,0.029232 
  810,0.029232 
  811,0.029232 
  812,0.029232 
  813,0.029232 
  814,0.029232 
  815,0.029232 
  816,0.029232 
  817,0.029232 
  818,0.029232 
  819,0.029232 
  820,0.029232 
  821,0.029232 
  822,0.029232 
  823,0.029232 
  824,0.029232 
  825,0.029232 
  826,0.029232 
  827,0.029232 
  828,0.029232 
  829,0.029232 
  830,0.029232 
  831,0.029232 
  832,0.029232 
  833,0.029232 
  834,0.029232 
  835,0.029232 
  836,0.029232 
  837,0.029232 
  838,0.029232 
  839,0.029232 
  840,0.029232 
  841,0.029232 
  842,0.029232 
  843,0.029232 
  844,0.029232 
  845,0.029232 
  846,0.029232 
  847,0.029232 
  848,0.029232 
  849,0.029232 
  850,0.029232 
  851,0.029232 
  852,0.029232 
  853,0.029232 
  854,0.029232 
  855,0.029232 
  856,0.029232 
  857,0.029232 
  858,0.029232 
  859,0.029232 
  860,0.029232 
  861,0.029232 
  862,0.029232 
  863,0.029232 
  864,0.029232 
  865,0.029232 
  866,0.029232 
  867,0.029232 
  868,0.029232 
  869,0.029232 
  870,0.029232 
  871,0.029232 
  872,0.029232 
  873,0.029232 
  874,0.029232 
  875,0.029232 
  876,0.029232 
  877,0.029232 
  878,0.029232 
  879,0.029232 
  880,0.029232 
  881,0.029232 
  882,0.029232 
  883,0.029232 
  884,0.029232 
  885,0.029232 
  886,0.029232 
  887,0.029232 
  888,0.029232 
  889,0.029232 
  890,0.029232 
  891,0.029232 
  892,0.029232 
  893,0.029232 
  894,0.029232 
  895,0.029232 
  896,0.029232 
  897,0.029232 
  898,0.029232 
  899,0.029232 
  900,0.029232 
  901,0.029232 
  902,0.029232 
  903,0.029232 
  904,0.029232 
  905,0.029232 
  906,0.029232 
  907,0.029232 
  908,0.029232 
  909,0.029232 
  910,0.029232 
  911,0.029232 
  912,0.029232 
  913,0.029232 
  914,0.029232 
  915,0.029232 
  916,0.029232 
  917,0.029232 
  918,0.029232 
  919,0.029232 
  920,0.029232 
  921,0.029232 
  922,0.029232 
  923,0.029232 
  924,0.029232 
  925,0.029232 
  926,0.029232 
  927,0.029232 
  928,0.029232 
  929,0.029232 
  930,0.029232 
  931,0.029232 
  932,0.029232 
  933,0.029232 
  934,0.029232 
  935,0.029232 
  936,0.029232 
  937,0.029232 
  938,0.029232 
  939,0.029232 
  940,0.029232 
  941,0.029232 
  942,0.029232 
  943,0.029232 
  944,0.029232 
  945,0.029232 
  946,0.029232 
  947,0.029232 
  948,0.029232 
  949,0.029232 
  950,0.029232 
  951,0.029232 
  952,0.029232 
  953,0.029232 
  954,0.029232 
  955,0.029232 
  956,0.029232 
  957,0.029232 
  958,0.029232 
  959,0.029232 
  960,0.029232 
  961,0.029232 
  962,0.029232 
  963,0.029232 
  964,0.029232 
  965,0.029232 
  966,0.029232 
  967,0.029232 
  968,0.029232 
  969,0.029232 
  970,0.029232 
  971,0.029232 
  972,0.029232 
  973,0.029232 
  974,0.029232 
  975,0.029232 
  976,0.029232 
  977,0.029232 
  978,0.029232 
  979,0.029232 
  980,0.029232 
  981,0.029232 
  982,0.029232 
  983,0.029232 
  984,0.029232 
  985,0.029232 
  986,0.029232 
  987,0.029232 
  988,0.029232 
  989,0.029232 
  990,0.029232 
  991,0.029232 
  992,0.029232 
  993,0.029232 
  994,0.029232 
  995,0.029232 
  996,0.029232 
  997,0.029232 
  998,0.029232 
  999,0.029232 
  1000,0.029232 
  1001,0.029232 
  1002,0.029232 
  1003,0.029232 
  1004,0.029232 
  1005,0.029232 
  1006,0.029232 
  1007,0.029232 
  1008,0.029232 
  1009,0.029232 
  1010,0.029232 
  1011,0.029232 
  1012,0.029232 
  1013,0.029232 
  1014,0.029232 
  1015,0.029232 
  1016,0.029232 
  1017,0.029232 
  1018,0.029232 
  1019,0.029232 
  1020,0.029232 
  1021,0.029232 
  1022,0.029232 
  1023,0.029232 
  1024,0.029232 
  1025,0.029232 
  1026,0.029232 
  1027,0.029232 
  1028,0.029232 
  1029,0.029232 
  1030,0.029232 
  1031,0.029232 
  1032,0.029232 
  1033,0.029232 
  1034,0.029232 
  1035,0.029232 
  1036,0.029232 
  1037,0.029232 
  1038,0.029232 
  1039,0.029232 
  1040,0.029232 
  1041,0.029232 
  1042,0.029232 
  1043,0.029232 
  1044,0.029232 
  1045,0.029232 
  1046,0.029232 
  1047,0.029232 
  1048,0.029232 
  1049,0.029232 
  1050,0.029232 
  1051,0.029232 
  1052,0.029232 
  1053,0.029232 
  1054,0.029232 
  1055,0.029232 
  1056,0.029232 
  1057,0.029232 
  1058,0.029232 
  1059,0.029232 
  1060,0.029232 
  1061,0.029232 
  1062,0.029232 
  1063,0.029232 
  1064,0.029232 
  1065,0.029232 
  1066,0.029232 
  1067,0.029232 
  1068,0.029232 
  1069,0.029232 
  1070,0.029232 
  1071,0.029232 
  1072,0.029232 
  1073,0.029232 
  1074,0.029232 
  1075,0.029232 
  1076,0.029232 
  1077,0.029232 
  1078,0.029232 
  1079,0.029232 
  1080,0.029232 
  1081,0.029232 
  1082,0.029232 
  1083,0.029232 
  1084,0.029232 
  1085,0.029232 
  1086,0.029232 
  1087,0.029232 
  1088,0.029232 
  1089,0.029232 
  1090,0.029232 
  1091,0.029232 
  1092,0.029232 
  1093,0.029232 
  1094,0.029232 
  1095,0.029232 
  1096,0.029232 
  1097,0.029232 
  1098,0.029232 
  1099,0.029232 
  1100,0.029232 
  1101,0.029232 
  1102,0.029232 
  1103,0.029232 
  1104,0.029232 
  1105,0.029232 
  1106,0.029232 
  1107,0.029232 
  1108,0.029232 
  1109,0.029232 
  1110,0.029232 
  1111,0.029232 
  1112,0.029232 
  1113,0.029232 
  1114,0.029232 
  1115,0.029232 
  1116,0.029232 
  1117,0.029232 
  1118,0.0270634 
  1119,0.0270634 
  1120,0.0270634 
  1121,0.0270634 
  1122,0.0270634 
  1123,0.0270634 
  1124,0.0270634 
  1125,0.0270634 
  1126,0.0270634 
  1127,0.0270634 
  1128,0.0270634 
  1129,0.0270634 
  1130,0.0270634 
  1131,0.0270634 
  1132,0.0270634 
  1133,0.0270634 
  1134,0.0270634 
  1135,0.0270634 
  1136,0.0270634 
  1137,0.0270634 
  1138,0.0270634 
  1139,0.0270634 
  1140,0.0270634 
  1141,0.0270634 
  1142,0.0270634 
  1143,0.0270634 
  1144,0.0270634 
  1145,0.0270634 
  1146,0.0270634 
  1147,0.0270634 
  1148,0.0270634 
  1149,0.0270634 
  1150,0.0270634 
  1151,0.0270634 
  1152,0.0270634 
  1153,0.0270634 
  1154,0.0270634 
  1155,0.0270634 
  1156,0.0270634 
  1157,0.0270634 
  1158,0.0270634 
  1159,0.0270634 
  1160,0.0270634 
  1161,0.0270634 
  1162,0.0270634 
  1163,0.0270634 
  1164,0.0270634 
  1165,0.0270634 
  1166,0.0270634 
  1167,0.0270634 
  1168,0.0270634 
  1169,0.0270634 
  1170,0.0270634 
  1171,0.0270634 
  1172,0.0270634 
  1173,0.0270634 
  1174,0.0270634 
  1175,0.0270634 
  1176,0.0270634 
  1177,0.0270634 
  1178,0.0270634 
  1179,0.0270634 
  1180,0.0270634 
  1181,0.0270634 
  1182,0.0270634 
  1183,0.0270634 
  1184,0.0270634 
  1185,0.0270634 
  1186,0.0270634 
  1187,0.0270634 
  1188,0.0270634 
  1189,0.0270634 
  1190,0.0270634 
  1191,0.0270634 
  1192,0.0270634 
  1193,0.0270634 
  1194,0.0270634 
  1195,0.0270634 
  1196,0.0270634 
  1197,0.0270634 
  1198,0.0270634 
  1199,0.0270634 
  1200,0.0270634 
  1201,0.0270634 
  1202,0.0270634 
  1203,0.0270634 
  1204,0.0270634 
  1205,0.0270634 
  1206,0.0270634 
  1207,0.0270634 
  1208,0.0270634 
  1209,0.0270634 
  1210,0.0270634 
  1211,0.0270634 
  1212,0.0270634 
  1213,0.0270634 
  1214,0.0270634 
  1215,0.0270634 
  1216,0.0270634 
  1217,0.0270634 
  1218,0.0270634 
  1219,0.0270634 
  1220,0.0270634 
  1221,0.0270634 
  1222,0.0270634 
  1223,0.0270634 
  1224,0.0270634 
  1225,0.0270634 
  1226,0.0270634 
  1227,0.0270634 
  1228,0.0270634 
  1229,0.0270634 
  1230,0.0270634 
  1231,0.0270634 
  1232,0.0270634 
  1233,0.0270634 
  1234,0.0270634 
  1235,0.0270634 
  1236,0.0270634 
  1237,0.0270634 
  1238,0.0270634 
  1239,0.0270634 
  1240,0.0270634 
  1241,0.0270634 
  1242,0.0270634 
  1243,0.0270634 
  1244,0.0270634 
  1245,0.0270634 
  1246,0.0270634 
  1247,0.0270634 
  1248,0.0270634 
  1249,0.0270634 
  1250,0.0270634 
  1251,0.0270634 
  1252,0.0270634 
  1253,0.0270634 
  1254,0.0270634 
  1255,0.0270634 
  1256,0.0270634 
  1257,0.0270634 
  1258,0.0270634 
  1259,0.0270634 
  1260,0.0270634 
  1261,0.0270634 
  1262,0.0270634 
  1263,0.0270634 
  1264,0.0270634 
  1265,0.0270634 
  1266,0.0270634 
  1267,0.0270634 
  1268,0.0270634 
  1269,0.0270634 
  1270,0.0270634 
  1271,0.0270634 
  1272,0.0270634 
  1273,0.0270634 
  1274,0.0270634 
  1275,0.0270634 
  1276,0.0270634 
  1277,0.0270634 
  1278,0.0270634 
  1279,0.0270634 
  1280,0.0270634 
  1281,0.0270634 
  1282,0.0270634 
  1283,0.0270634 
  1284,0.0270634 
  1285,0.0270634 
  1286,0.0270634 
  1287,0.0270634 
  1288,0.0270634 
  1289,0.0270634 
  1290,0.0270634 
  1291,0.0270634 
  1292,0.0270634 
  1293,0.0270634 
  1294,0.0270634 
  1295,0.0270634 
  1296,0.0270634 
  1297,0.0270634 
  1298,0.0270634 
  1299,0.0270634 
  1300,0.0270634 
  1301,0.0270634 
  1302,0.0270634 
  1303,0.0270634 
  1304,0.0270634 
  1305,0.0270634 
  1306,0.0270634 
  1307,0.0270634 
  1308,0.0270634 
  1309,0.0270634 
  1310,0.0270634 
  1311,0.0270634 
  1312,0.0270634 
  1313,0.0270634 
  1314,0.0270634 
  1315,0.0270634 
  1316,0.0270634 
  1317,0.0270634 
  1318,0.0270634 
  1319,0.0270634 
  1320,0.0270634 
  1321,0.0270634 
  1322,0.0270634 
  1323,0.0270634 
  1324,0.0270634 
  1325,0.0270634 
  1326,0.0259113 
  1327,0.0259113 
  1328,0.0259113 
  1329,0.0259113 
  1330,0.0259113 
  1331,0.0259113 
  1332,0.0247049 
  1333,0.0259113 
  1334,0.0247049 
  1335,0.0247049 
  1336,0.0247049 
  1337,0.0247049 
  1338,0.0247049 
  1339,0.0247049 
  1340,0.0247049 
  1341,0.0247049 
  1342,0.0247049 
  1343,0.0247049 
  1344,0.0247049 
  1345,0.0247049 
  1346,0.0247049 
  1347,0.0247049 
  1348,0.0247049 
  1349,0.0247049 
  1350,0.0247049 
  1351,0.0247049 
  1352,0.0247049 
  1353,0.0247049 
  1354,0.0247049 
  1355,0.0247049 
  1356,0.0247049 
  1357,0.0247049 
  1358,0.0247049 
  1359,0.0247049 
  1360,0.0247049 
  1361,0.0247049 
  1362,0.0247049 
  1363,0.0247049 
  1364,0.0247049 
  1365,0.0247049 
  1366,0.0247049 
  1367,0.0247049 
  1368,0.0247049 
  1369,0.0247049 
  1370,0.0247049 
  1371,0.0247049 
  1372,0.0247049 
  1373,0.0247049 
  1374,0.0247049 
  1375,0.0247049 
  1376,0.0247049 
  1377,0.0247049 
  1378,0.0247049 
  1379,0.0247049 
  1380,0.0247049 
  1381,0.0247049 
  1382,0.0247049 
  1383,0.0247049 
  1384,0.0247049 
  1385,0.0247049 
  1386,0.0247049 
  1387,0.0247049 
  1388,0.0247049 
  1389,0.0247049 
  1390,0.0247049 
  1391,0.0247049 
  1392,0.0247049 
  1393,0.0247049 
  1394,0.0247049 
  1395,0.0247049 
  1396,0.0247049 
  1397,0.0247049 
  1398,0.0247049 
  1399,0.0247049 
  1400,0.0247049 
  1401,0.0247049 
  1402,0.0247049 
  1403,0.0247049 
  1404,0.0247049 
  1405,0.0234375 
  1406,0.0234375 
  1407,0.0234375 
  1408,0.0234375 
  1409,0.0234375 
  1410,0.0234375 
  1411,0.0234375 
  1412,0.0234375 
  1413,0.0234375 
  1414,0.0234375 
  1415,0.0234375 
  1416,0.0234375 
  1417,0.0234375 
  1418,0.0234375 
  1419,0.0234375 
  1420,0.0234375 
  1421,0.0234375 
  1422,0.0234375 
  1423,0.0234375 
  1424,0.0234375 
  1425,0.0234375 
  1426,0.0234375 
  1427,0.0234375 
  1428,0.0234375 
  1429,0.0234375 
  1430,0.0234375 
  1431,0.0234375 
  1432,0.0234375 
  1433,0.0234375 
  1434,0.0234375 
  1435,0.0234375 
  1436,0.0234375 
  1437,0.0234375 
  1438,0.0234375 
  1439,0.0234375 
  1440,0.0220966 
  1441,0.0234375 
  1442,0.0234375 
  1443,0.0234375 
  1444,0.0234375 
  1445,0.0234375 
  1446,0.0234375 
  1447,0.0234375 
  1448,0.0234375 
  1449,0.0234375 
  1450,0.0234375 
  1451,0.0234375 
  1452,0.0234375 
  1453,0.0234375 
  1454,0.0234375 
  1455,0.0234375 
  1456,0.0234375 
  1457,0.0234375 
  1458,0.0234375 
  1459,0.0234375 
  1460,0.0234375 
  1461,0.0234375 
  1462,0.0234375 
  1463,0.0234375 
  1464,0.0234375 
  1465,0.0234375 
  1466,0.0234375 
  1467,0.0234375 
  1468,0.0234375 
  1469,0.0234375 
  1470,0.0234375 
  1471,0.0234375 
  1472,0.0234375 
  1473,0.0234375 
  1474,0.0234375 
  1475,0.0234375 
  1476,0.0234375 
  1477,0.0234375 
  1478,0.0234375 
  1479,0.0234375 
  1480,0.0234375 
  1481,0.0234375 
  1482,0.0234375 
  1483,0.0234375 
  1484,0.0234375 
  1485,0.0234375 
  1486,0.0234375 
  1487,0.0234375 
  1488,0.0234375 
  1489,0.0220966 
  1490,0.0220966 
  1491,0.0220966 
  1492,0.0220966 
  1493,0.0220966 
  1494,0.0220966 
  1495,0.0220966 
  1496,0.0220966 
  1497,0.0220966 
  1498,0.0220966 
  1499,0.0220966 
  1500,0.0220966 
  1501,0.0220966 
  1502,0.0206699 
  1503,0.0220966 
  1504,0.0220966 
  1505,0.0206699 
  1506,0.0220966 
  1507,0.0220966 
  1508,0.0220966 
  1509,0.0220966 
  1510,0.0220966 
  1511,0.0220966 
  1512,0.0220966 
  1513,0.0220966 
  1514,0.0220966 
  1515,0.0220966 
  1516,0.0220966 
  1517,0.0220966 
  1518,0.0220966 
  1519,0.0220966 
  1520,0.0220966 
  1521,0.0220966 
  1522,0.0220966 
  1523,0.0220966 
  1524,0.0220966 
  1525,0.0220966 
  1526,0.0220966 
  1527,0.0220966 
  1528,0.0220966 
  1529,0.0220966 
  1530,0.0220966 
  1531,0.0206699 
  1532,0.0206699 
  1533,0.0206699 
  1534,0.0206699 
  1535,0.0191364 
  1536,0.0191364 
  1537,0.0191364 
  1538,0.0191364 
  1539,0.0191364 
  1540,0.0191364 
  1541,0.0191364 
  1542,0.0191364 
  1543,0.0191364 
  1544,0.0191364 
  1545,0.0191364 
  1546,0.0191364 
  1547,0.0191364 
  1548,0.0191364 
  1549,0.0191364 
  1550,0.0191364 
  1551,0.0191364 
  1552,0.0191364 
  1553,0.0191364 
  1554,0.0191364 
  1555,0.0191364 
  1556,0.0191364 
  1557,0.0191364 
  1558,0.0191364 
  1559,0.0191364 
  1560,0.0191364 
  1561,0.0191364 
  1562,0.0191364 
  1563,0.0191364 
  1564,0.0174694 
  1565,0.0174694 
  1566,0.0174694 
  1567,0.0174694 
  1568,0.0174694 
  1569,0.0174694 
  1570,0.0174694 
  1571,0.0174694 
  1572,0.0174694 
  1573,0.0174694 
  1574,0.0174694 
  1575,0.0174694 
  1576,0.0174694 
  1577,0.0174694 
  1578,0.0174694 
  1579,0.0174694 
  1580,0.0174694 
  1581,0.0174694 
  1582,0.0174694 
  1583,0.0174694 
  1584,0.0174694 
  1585,0.0174694 
  1586,0.0174694 
  1587,0.0174694 
  1588,0.0174694 
  1589,0.0174694 
  1590,0.0174694 
  1591,0.0174694 
  1592,0.0174694 
  1593,0.0174694 
  1594,0.0174694 
  1595,0.0174694 
  1596,0.0174694 
  1597,0.0174694 
  1598,0.0174694 
  1599,0.0174694 
  1600,0.0174694 
  1601,0.0174694 
  1602,0.0174694 
  1603,0.0174694 
  1604,0.0174694 
  1605,0.0174694 
  1606,0.0174694 
  1607,0.0174694 
  1608,0.0174694 
  1609,0.0174694 
  1610,0.0174694 
  1611,0.0174694 
  1612,0.0174694 
  1613,0.0174694 
  1614,0.0174694 
  1615,0.0174694 
  1616,0.0174694 
  1617,0.0174694 
  1618,0.0174694 
  1619,0.0174694 
  1620,0.0174694 
  1621,0.0174694 
  1622,0.0174694 
  1623,0.0174694 
  1624,0.0174694 
  1625,0.0174694 
  1626,0.0174694 
  1627,0.0174694 
  1628,0.0174694 
  1629,0.0174694 
  1630,0.0174694 
  1631,0.0174694 
  1632,0.0174694 
  1633,0.0174694 
  1634,0.0174694 
  1635,0.0174694 
  1636,0.0174694 
  1637,0.0174694 
  1638,0.0174694 
  1639,0.0174694 
  1640,0.0174694 
  1641,0.0174694 
  1642,0.0174694 
  1643,0.0174694 
  1644,0.0174694 
  1645,0.0174694 
  1646,0.0174694 
  1647,0.0174694 
  1648,0.0174694 
  1649,0.0174694 
  1650,0.0174694 
  1651,0.0174694 
  1652,0.0174694 
  1653,0.0174694 
  1654,0.0174694 
  1655,0.0174694 
  1656,0.0174694 
  1657,0.0174694 
  1658,0.0174694 
  1659,0.0174694 
  1660,0.0174694 
  1661,0.0174694 
  1662,0.0174694 
  1663,0.0174694 
  1664,0.0174694 
  1665,0.0174694 
  1666,0.0174694 
  1667,0.0174694 
  1668,0.0174694 
  1669,0.0174694 
  1670,0.0174694 
  1671,0.0174694 
  1672,0.0174694 
  1673,0.0174694 
  1674,0.0174694 
  1675,0.0174694 
  1676,0.0174694 
  1677,0.0174694 
  1678,0.0174694 
  1679,0.0174694 
  1680,0.0174694 
  1681,0.0174694 
  1682,0.0174694 
  1683,0.0174694 
  1684,0.0174694 
  1685,0.0174694 
  1686,0.0174694 
  1687,0.0174694 
  1688,0.0174694 
  1689,0.0174694 
  1690,0.0174694 
  1691,0.0174694 
  1692,0.0174694 
  1693,0.0174694 
  1694,0.0174694 
  1695,0.0174694 
  1696,0.0174694 
  1697,0.0174694 
  1698,0.0174694 
  1699,0.0174694 
  1700,0.0174694 
  1701,0.0174694 
  1702,0.0174694 
  1703,0.0174694 
  1704,0.0174694 
  1705,0.0174694 
  1706,0.0174694 
  1707,0.0174694 
  1708,0.0174694 
  1709,0.0174694 
  1710,0.0174694 
  1711,0.0174694 
  1712,0.0174694 
  1713,0.0174694 
  1714,0.0174694 
  1715,0.0174694 
  1716,0.0174694 
  1717,0.0174694 
  1718,0.0174694 
  1719,0.0174694 
  1720,0.0174694 
  1721,0.0174694 
  1722,0.0174694 
  1723,0.0174694 
  1724,0.0174694 
  1725,0.0174694 
  1726,0.0174694 
  1727,0.0174694 
  1728,0.0174694 
  1729,0.0174694 
  1730,0.0174694 
  1731,0.0174694 
  1732,0.0174694 
  1733,0.0174694 
  1734,0.0174694 
  1735,0.0174694 
  1736,0.0174694 
  1737,0.0174694 
  1738,0.0174694 
  1739,0.0174694 
  1740,0.0174694 
  1741,0.0174694 
  1742,0.0174694 
  1743,0.0174694 
  1744,0.0174694 
  1745,0.0174694 
  1746,0.0174694 
  1747,0.0174694 
  1748,0.0174694 
  1749,0.0174694 
  1750,0.0174694 
  1751,0.0174694 
  1752,0.0174694 
  1753,0.0174694 
  1754,0.0174694 
  1755,0.0174694 
  1756,0.0174694 
  1757,0.0174694 
  1758,0.0174694 
  1759,0.0174694 
  1760,0.0174694 
  1761,0.0174694 
  1762,0.0174694 
  1763,0.0174694 
  1764,0.0174694 
  1765,0.0174694 
  1766,0.0174694 
  1767,0.0174694 
  1768,0.0174694 
  1769,0.0174694 
  1770,0.0174694 
  1771,0.0174694 
  1772,0.0174694 
  1773,0.0174694 
  1774,0.0174694 
  1775,0.0174694 
  1776,0.0174694 
  1777,0.0174694 
  1778,0.0174694 
  1779,0.0174694 
  1780,0.0174694 
  1781,0.0174694 
  1782,0.0174694 
  1783,0.0174694 
  1784,0.0174694 
  1785,0.0174694 
  1786,0.0174694 
  1787,0.0174694 
  1788,0.0174694 
  1789,0.0174694 
  1790,0.0174694 
  1791,0.0174694 
  1792,0.0174694 
  1793,0.0174694 
  1794,0.0174694 
  1795,0.0174694 
  1796,0.0174694 
  1797,0.0174694 
  1798,0.0174694 
  1799,0.0174694 
  1800,0.0174694 
  1801,0.0174694 
  1802,0.0174694 
  1803,0.0174694 
  1804,0.0174694 
  1805,0.0174694 
  1806,0.0174694 
  1807,0.0174694 
  1808,0.0174694 
  1809,0.0174694 
  1810,0.0174694 
  1811,0.0174694 
  1812,0.0174694 
  1813,0.0174694 
  1814,0.0174694 
  1815,0.0174694 
  1816,0.015625 
  1817,0.015625 
  1818,0.015625 
  1819,0.015625 
  1820,0.015625 
  1821,0.015625 
  1822,0.015625 
  1823,0.015625 
  1824,0.015625 
  1825,0.015625 
  1826,0.015625 
  1827,0.015625 
  1828,0.015625 
  1829,0.015625 
  1830,0.015625 
  1831,0.015625 
  1832,0.015625 
  1833,0.015625 
  1834,0.015625 
  1835,0.015625 
  1836,0.015625 
  1837,0.015625 
  1838,0.015625 
  1839,0.015625 
  1840,0.015625 
  1841,0.015625 
  1842,0.015625 
  1843,0.015625 
  1844,0.015625 
  1845,0.015625 
  1846,0.015625 
  1847,0.015625 
  1848,0.015625 
  1849,0.015625 
  1850,0.015625 
  1851,0.015625 
  1852,0.015625 
  1853,0.015625 
  1854,0.015625 
  1855,0.015625 
  1856,0.015625 
  1857,0.015625 
  1858,0.015625 
  1859,0.015625 
  1860,0.015625 
  1861,0.015625 
  1862,0.015625 
  1863,0.015625 
  1864,0.015625 
  1865,0.015625 
  1866,0.015625 
  1867,0.015625 
  1868,0.015625 
  1869,0.015625 
  1870,0.015625 
  1871,0.015625 
  1872,0.015625 
  1873,0.015625 
  1874,0.015625 
  1875,0.015625 
  1876,0.015625 
  1877,0.015625 
  1878,0.015625 
  1879,0.015625 
  1880,0.015625 
  1881,0.015625 
  1882,0.015625 
  1883,0.015625 
  1884,0.015625 
  1885,0.015625 
  1886,0.015625 
  1887,0.015625 
  1888,0.015625 
  1889,0.015625 
  1890,0.015625 
  1891,0.015625 
  1892,0.015625 
  1893,0.015625 
  1894,0.015625 
  1895,0.015625 
  1896,0.015625 
  1897,0.015625 
  1898,0.015625 
  1899,0.015625 
  1900,0.015625 
  1901,0.015625 
  1902,0.015625 
  1903,0.015625 
  1904,0.015625 
  1905,0.015625 
  1906,0.015625 
  1907,0.015625 
  1908,0.015625 
  1909,0.015625 
  1910,0.015625 
  1911,0.015625 
  1912,0.015625 
  1913,0.015625 
  1914,0.015625 
  1915,0.015625 
  1916,0.015625 
  1917,0.015625 
  1918,0.015625 
  1919,0.015625 
  1920,0.015625 
  1921,0.015625 
  1922,0.015625 
  1923,0.015625 
  1924,0.015625 
  1925,0.015625 
  1926,0.015625 
  1927,0.015625 
  1928,0.015625 
  1929,0.015625 
  1930,0.015625 
  1931,0.015625 
  1932,0.015625 
  1933,0.015625 
  1934,0.015625 
  1935,0.015625 
  1936,0.015625 
  1937,0.015625 
  1938,0.015625 
  1939,0.015625 
  1940,0.015625 
  1941,0.015625 
  1942,0.015625 
  1943,0.015625 
  1944,0.015625 
  1945,0.015625 
  1946,0.015625 
  1947,0.015625 
  1948,0.015625 
  1949,0.015625 
  1950,0.015625 
  1951,0.015625 
  1952,0.015625 
  1953,0.015625 
  1954,0.015625 
  1955,0.015625 
  1956,0.015625 
  1957,0.015625 
  1958,0.015625 
  1959,0.015625 
  1960,0.015625 
  1961,0.015625 
  1962,0.015625 
  1963,0.015625 
  1964,0.015625 
  1965,0.015625 
  1966,0.015625 
  1967,0.015625 
  1968,0.015625 
  1969,0.015625 
  1970,0.015625 
  1971,0.015625 
  1972,0.015625 
  1973,0.015625 
  1974,0.015625 
  1975,0.015625 
  1976,0.015625 
  1977,0.015625 
  1978,0.015625 
  1979,0.015625 
  1980,0.015625 
  1981,0.015625 
  1982,0.015625 
  1983,0.015625 
  1984,0.015625 
  1985,0.015625 
  1986,0.015625 
  1987,0.015625 
  1988,0.015625 
  1989,0.015625 
  1990,0.015625 
  1991,0.015625 
  1992,0.015625 
  1993,0.015625 
  1994,0.015625 
  1995,0.015625 
  1996,0.015625 
  1997,0.015625 
  1998,0.015625 
  1999,0.015625 
  2000,0.015625 
  2001,0.015625 
  2002,0.015625 
  2003,0.015625 
  2004,0.015625 
  2005,0.015625 
  2006,0.015625 
  2007,0.015625 
  2008,0.015625 
  2009,0.015625 
  2010,0.015625 
  2011,0.015625 
  2012,0.015625 
  2013,0.015625 
  2014,0.015625 
  2015,0.015625 
  2016,0.015625 
  2017,0.015625 
  2018,0.015625 
  2019,0.015625 
  2020,0.015625 
  2021,0.015625 
  2022,0.015625 
  2023,0.015625 
  2024,0.015625 
  2025,0.015625 
  2026,0.015625 
  2027,0.015625 
  2028,0.015625 
  2029,0.015625 
  2030,0.015625 
  2031,0.015625 
  2032,0.015625 
  2033,0.015625 
  2034,0.015625 
  2035,0.015625 
  2036,0.015625 
  2037,0.015625 
  2038,0.015625 
  2039,0.015625 
  2040,0.015625 
  2041,0.015625 
  2042,0.015625 
  2043,0.015625 
  2044,0.015625 
  2045,0.015625 
  2046,0.015625 
  2047,0.015625 
  2048,0.015625 
  2049,0.015625 
  2050,0.015625 
  2051,0.015625 
  2052,0.015625 
  2053,0.015625 
  2054,0.015625 
  2055,0.015625 
  2056,0.015625 
  2057,0.015625 
  2058,0.015625 
  2059,0.015625 
  2060,0.015625 
  2061,0.015625 
  2062,0.015625 
  2063,0.015625 
  2064,0.015625 
  2065,0.015625 
  2066,0.015625 
  2067,0.015625 
  2068,0.015625 
  2069,0.015625 
  2070,0.015625 
  2071,0.015625 
  2072,0.015625 
  2073,0.015625 
  2074,0.015625 
  2075,0.015625 
  2076,0.015625 
  2077,0.015625 
  2078,0.015625 
  2079,0.015625 
  2080,0.015625 
  2081,0.015625 
  2082,0.015625 
  2083,0.015625 
  2084,0.015625 
  2085,0.015625 
  2086,0.015625 
  2087,0.015625 
  2088,0.015625 
  2089,0.015625 
  2090,0.015625 
  2091,0.015625 
  2092,0.015625 
  2093,0.015625 
  2094,0.015625 
  2095,0.015625 
  2096,0.015625 
  2097,0.015625 
  2098,0.015625 
  2099,0.015625 
  2100,0.015625 
  2101,0.015625 
  2102,0.015625 
  2103,0.015625 
  2104,0.015625 
  2105,0.015625 
  2106,0.015625 
  2107,0.015625 
  2108,0.015625 
  2109,0.015625 
  2110,0.015625 
  2111,0.015625 
  2112,0.015625 
  2113,0.015625 
  2114,0.015625 
  2115,0.015625 
  2116,0.015625 
  2117,0.015625 
  2118,0.015625 
  2119,0.015625 
  2120,0.015625 
  2121,0.015625 
  2122,0.015625 
  2123,0.015625 
  2124,0.015625 
  2125,0.015625 
  2126,0.015625 
  2127,0.015625 
  2128,0.015625 
  2129,0.015625 
  2130,0.015625 
  2131,0.015625 
  2132,0.015625 
  2133,0.015625 
  2134,0.015625 
  2135,0.015625 
  2136,0.015625 
  2137,0.015625 
  2138,0.015625 
  2139,0.015625 
  2140,0.015625 
  2141,0.015625 
  2142,0.015625 
  2143,0.015625 
  2144,0.015625 
  2145,0.015625 
  2146,0.015625 
  2147,0.015625 
  2148,0.015625 
  2149,0.015625 
  2150,0.015625 
  2151,0.015625 
  2152,0.015625 
  2153,0.015625 
  2154,0.015625 
  2155,0.015625 
  2156,0.015625 
  2157,0.015625 
  2158,0.015625 
  2159,0.015625 
  2160,0.015625 
  2161,0.015625 
  2162,0.015625 
  2163,0.015625 
  2164,0.015625 
  2165,0.015625 
  2166,0.015625 
  2167,0.015625 
  2168,0.015625 
  2169,0.015625 
  2170,0.015625 
  2171,0.015625 
  2172,0.0135317 
  2173,0.0135317 
  2174,0.0135317 
  2175,0.0135317 
  2176,0.015625 
  2177,0.015625 
  2178,0.0135317 
  2179,0.0135317 
  2180,0.0135317 
  2181,0.0135317 
  2182,0.0135317 
  2183,0.0135317 
  2184,0.0135317 
  2185,0.0135317 
  2186,0.0135317 
  2187,0.0135317 
  2188,0.0135317 
  2189,0.0135317 
  2190,0.0135317 
  2191,0.0135317 
  2192,0.0135317 
  2193,0.0135317 
  2194,0.0135317 
  2195,0.0135317 
  2196,0.0135317 
  2197,0.0135317 
  2198,0.0135317 
  2199,0.0135317 
  2200,0.0135317 
  2201,0.0135317 
  2202,0.0135317 
  2203,0.0135317 
  2204,0.0135317 
  2205,0.0135317 
  2206,0.0135317 
  2207,0.0135317 
  2208,0.0135317 
  2209,0.0135317 
  2210,0.0135317 
  2211,0.0135317 
  2212,0.0135317 
  2213,0.0135317 
  2214,0.0135317 
  2215,0.0135317 
  2216,0.0135317 
  2217,0.0135317 
  2218,0.0135317 
  2219,0.0135317 
  2220,0.0135317 
  2221,0.0135317 
  2222,0.0135317 
  2223,0.0135317 
  2224,0.0135317 
  2225,0.0135317 
  2226,0.0135317 
  2227,0.0135317 
  2228,0.0135317 
  2229,0.0135317 
  2230,0.0135317 
  2231,0.0135317 
  2232,0.0135317 
  2233,0.0135317 
  2234,0.0135317 
  2235,0.0135317 
  2236,0.0135317 
  2237,0.0135317 
  2238,0.0135317 
  2239,0.0135317 
  2240,0.0135317 
  2241,0.0135317 
  2242,0.0135317 
  2243,0.0135317 
  2244,0.0135317 
  2245,0.0135317 
  2246,0.0135317 
  2247,0.0135317 
  2248,0.0135317 
  2249,0.0135317 
  2250,0.0135317 
  2251,0.0135317 
  2252,0.0135317 
  2253,0.0135317 
  2254,0.0135317 
  2255,0.0135317 
  2256,0.0135317 
  2257,0.0135317 
  2258,0.0135317 
  2259,0.0135317 
  2260,0.0135317 
  2261,0.0135317 
  2262,0.0135317 
  2263,0.0135317 
  2264,0.0135317 
  2265,0.0135317 
  2266,0.0135317 
  2267,0.0135317 
  2268,0.0135317 
  2269,0.0135317 
  2270,0.0135317 
  2271,0.0135317 
  2272,0.0135317 
  2273,0.0135317 
  2274,0.0135317 
  2275,0.0135317 
  2276,0.0135317 
  2277,0.0135317 
  2278,0.0135317 
  2279,0.0135317 
  2280,0.0135317 
  2281,0.0135317 
  2282,0.0135317 
  2283,0.0135317 
  2284,0.0135317 
  2285,0.0135317 
  2286,0.0135317 
  2287,0.0135317 
  2288,0.0135317 
  2289,0.0135317 
  2290,0.0135317 
  2291,0.0135317 
  2292,0.0135317 
  2293,0.0135317 
  2294,0.0135317 
  2295,0.0135317 
  2296,0.0135317 
  2297,0.0135317 
  2298,0.0135317 
  2299,0.0135317 
  2300,0.0135317 
  2301,0.0135317 
  2302,0.0135317 
  2303,0.0135317 
  2304,0.0135317 
  2305,0.0135317 
  2306,0.0135317 
  2307,0.0135317 
  2308,0.0135317 
  2309,0.0135317 
  2310,0.0135317 
  2311,0.0135317 
  2312,0.0135317 
  2313,0.0135317 
  2314,0.0135317 
  2315,0.0135317 
  2316,0.0135317 
  2317,0.0135317 
  2318,0.0135317 
  2319,0.0135317 
  2320,0.0135317 
  2321,0.0135317 
  2322,0.0135317 
  2323,0.0135317 
  2324,0.0135317 
  2325,0.0135317 
  2326,0.0135317 
  2327,0.0135317 
  2328,0.0135317 
  2329,0.0135317 
  2330,0.0135317 
  2331,0.0135317 
  2332,0.0135317 
  2333,0.0135317 
  2334,0.0135317 
  2335,0.0135317 
  2336,0.0135317 
  2337,0.0135317 
  2338,0.0135317 
  2339,0.0135317 
  2340,0.0135317 
  2341,0.0135317 
  2342,0.0135317 
  2343,0.0135317 
  2344,0.0135317 
  2345,0.0135317 
  2346,0.0135317 
  2347,0.0135317 
  2348,0.0135317 
  2349,0.0135317 
  2350,0.0135317 
  2351,0.0135317 
  2352,0.0135317 
  2353,0.0135317 
  2354,0.0135317 
  2355,0.0135317 
  2356,0.0135317 
  2357,0.0135317 
  2358,0.0135317 
  2359,0.0135317 
  2360,0.0135317 
  2361,0.0135317 
  2362,0.0135317 
  2363,0.0135317 
  2364,0.0135317 
  2365,0.0135317 
  2366,0.0135317 
  2367,0.0135317 
  2368,0.0135317 
  2369,0.0135317 
  2370,0.0135317 
  2371,0.0135317 
  2372,0.0135317 
  2373,0.0135317 
  2374,0.0135317 
  2375,0.0135317 
  2376,0.0135317 
  2377,0.0135317 
  2378,0.0135317 
  2379,0.0135317 
  2380,0.0135317 
  2381,0.0135317 
  2382,0.0135317 
  2383,0.0135317 
  2384,0.0135317 
  2385,0.0135317 
  2386,0.0135317 
  2387,0.0135317 
  2388,0.0135317 
  2389,0.0135317 
  2390,0.0135317 
  2391,0.0135317 
  2392,0.0135317 
  2393,0.0135317 
  2394,0.0135317 
  2395,0.0135317 
  2396,0.0135317 
  2397,0.0135317 
  2398,0.0135317 
  2399,0.0135317 
  2400,0.0135317 
  2401,0.0135317 
  2402,0.0135317 
  2403,0.0135317 
  2404,0.0135317 
  2405,0.0135317 
  2406,0.0135317 
  2407,0.0135317 
  2408,0.0135317 
  2409,0.0135317 
  2410,0.0135317 
  2411,0.0135317 
  2412,0.0135317 
  2413,0.0135317 
  2414,0.0135317 
  2415,0.0135317 
  2416,0.0135317 
  2417,0.0135317 
  2418,0.0135317 
  2419,0.0135317 
  2420,0.0135317 
  2421,0.0135317 
  2422,0.0135317 
  2423,0.0135317 
  2424,0.0135317 
  2425,0.0135317 
  2426,0.0135317 
  2427,0.0135317 
  2428,0.0135317 
  2429,0.0135317 
  2430,0.0135317 
  2431,0.0135317 
  2432,0.0135317 
  2433,0.0135317 
  2434,0.0135317 
  2435,0.0135317 
  2436,0.0135317 
  2437,0.0135317 
  2438,0.0135317 
  2439,0.0135317 
  2440,0.0135317 
  2441,0.0135317 
  2442,0.0135317 
  2443,0.0135317 
  2444,0.0135317 
  2445,0.0135317 
  2446,0.0135317 
  2447,0.0135317 
  2448,0.0135317 
  2449,0.0135317 
  2450,0.0135317 
  2451,0.0135317 
  2452,0.0135317 
  2453,0.0135317 
  2454,0.0135317 
  2455,0.0135317 
  2456,0.0135317 
  2457,0.0135317 
  2458,0.0135317 
  2459,0.0135317 
  2460,0.0135317 
  2461,0.0135317 
  2462,0.0135317 
  2463,0.0135317 
  2464,0.0135317 
  2465,0.0135317 
  2466,0.0135317 
  2467,0.0135317 
  2468,0.0135317 
  2469,0.0135317 
  2470,0.0135317 
  2471,0.0135317 
  2472,0.0135317 
  2473,0.0135317 
  2474,0.0135317 
  2475,0.0135317 
  2476,0.0135317 
  2477,0.0135317 
  2478,0.0135317 
  2479,0.0135317 
  2480,0.0135317 
  2481,0.0135317 
  2482,0.0135317 
  2483,0.0135317 
  2484,0.0135317 
  2485,0.0135317 
  2486,0.0135317 
  2487,0.0135317 
  2488,0.0135317 
  2489,0.0135317 
  2490,0.0135317 
  2491,0.0135317 
  2492,0.0135317 
  2493,0.0135317 
  2494,0.0135317 
  2495,0.0135317 
  2496,0.0135317 
  2497,0.0135317 
  2498,0.0135317 
  2499,0.0135317 
  2500,0.0135317 
  2501,0.0135317 
  2502,0.0135317 
  2503,0.0135317 
  2504,0.0135317 
  2505,0.0135317 
  2506,0.0135317 
  2507,0.0135317 
  2508,0.0135317 
  2509,0.0135317 
  2510,0.0135317 
  2511,0.0135317 
  2512,0.0135317 
  2513,0.0135317 
  2514,0.0135317 
  2515,0.0135317 
  2516,0.0135317 
  2517,0.0135317 
  2518,0.0135317 
  2519,0.0135317 
  2520,0.0135317 
  2521,0.0135317 
  2522,0.0135317 
  2523,0.0135317 
  2524,0.0135317 
  2525,0.0135317 
  2526,0.0135317 
  2527,0.0135317 
  2528,0.0135317 
  2529,0.0135317 
  2530,0.0135317 
  2531,0.0135317 
  2532,0.0135317 
  2533,0.0135317 
  2534,0.0135317 
  2535,0.0135317 
  2536,0.0135317 
  2537,0.0135317 
  2538,0.0135317 
  2539,0.0135317 
  2540,0.0135317 
  2541,0.0135317 
  2542,0.0135317 
  2543,0.0135317 
  2544,0.0135317 
  2545,0.0135317 
  2546,0.0135317 
  2547,0.0135317 
  2548,0.0135317 
  2549,0.0135317 
  2550,0.0135317 
  2551,0.0135317 
  2552,0.0135317 
  2553,0.0135317 
  2554,0.0135317 
  2555,0.0135317 
  2556,0.0135317 
  2557,0.0135317 
  2558,0.0135317 
  2559,0.0135317 
  2560,0.0135317 
  2561,0.0135317 
  2562,0.0135317 
  2563,0.0135317 
  2564,0.0135317 
  2565,0.0135317 
  2566,0.0135317 
  2567,0.0135317 
  2568,0.0135317 
  2569,0.0135317 
  2570,0.0135317 
  2571,0.0135317 
  2572,0.0135317 
  2573,0.0135317 
  2574,0.0135317 
  2575,0.0135317 
  2576,0.0135317 
  2577,0.0135317 
  2578,0.0135317 
  2579,0.0135317 
  2580,0.0135317 
  2581,0.0135317 
  2582,0.0135317 
  2583,0.0135317 
  2584,0.0135317 
  2585,0.0135317 
  2586,0.0135317 
  2587,0.0135317 
  2588,0.0135317 
  2589,0.0135317 
  2590,0.0135317 
  2591,0.0135317 
  2592,0.0135317 
  2593,0.0135317 
  2594,0.0135317 
  2595,0.0135317 
  2596,0.0135317 
  2597,0.0135317 
  2598,0.0135317 
  2599,0.0135317 
  2600,0.0135317 
  2601,0.0135317 
  2602,0.0135317 
  2603,0.0135317 
  2604,0.0135317 
  2605,0.0135317 
  2606,0.0135317 
  2607,0.0135317 
  2608,0.0135317 
  2609,0.0135317 
  2610,0.0135317 
  2611,0.0135317 
  2612,0.0135317 
  2613,0.0135317 
  2614,0.0135317 
  2615,0.0135317 
  2616,0.0135317 
  2617,0.0135317 
  2618,0.0135317 
  2619,0.0135317 
  2620,0.0135317 
  2621,0.0135317 
  2622,0.0135317 
  2623,0.0135317 
  2624,0.0135317 
  2625,0.0135317 
  2626,0.0135317 
  2627,0.0135317 
  2628,0.0135317 
  2629,0.0135317 
  2630,0.0135317 
  2631,0.0135317 
  2632,0.0135317 
  2633,0.0135317 
  2634,0.0135317 
  2635,0.0135317 
  2636,0.0135317 
  2637,0.0135317 
  2638,0.0135317 
  2639,0.0135317 
  2640,0.0135317 
  2641,0.0135317 
  2642,0.0135317 
  2643,0.0135317 
  2644,0.0135317 
  2645,0.0135317 
  2646,0.0135317 
  2647,0.0135317 
  2648,0.0135317 
  2649,0.0135317 
  2650,0.0135317 
  2651,0.0135317 
  2652,0.0135317 
  2653,0.0135317 
  2654,0.0135317 
  2655,0.0135317 
  2656,0.0135317 
  2657,0.0135317 
  2658,0.0135317 
  2659,0.0135317 
  2660,0.0135317 
  2661,0.0135317 
  2662,0.0135317 
  2663,0.0135317 
  2664,0.0135317 
  2665,0.0135317 
  2666,0.0135317 
  2667,0.0135317 
  2668,0.0135317 
  2669,0.0135317 
  2670,0.0135317 
  2671,0.0135317 
  2672,0.0135317 
  2673,0.0135317 
  2674,0.0135317 
  2675,0.0135317 
  2676,0.0135317 
  2677,0.0135317 
  2678,0.0135317 
  2679,0.0135317 
  2680,0.0135317 
  2681,0.0135317 
  2682,0.0135317 
  2683,0.0110483 
  2684,0.0110483 
  2685,0.0110483 
  2686,0.0110483 
  2687,0.0110483 
  2688,0.0110483 
  2689,0.0110483 
  2690,0.0110483 
  2691,0.0110483 
  2692,0.0110483 
  2693,0.0110483 
  2694,0.0110483 
  2695,0.0110483 
  2696,0.0110483 
  2697,0.0110483 
  2698,0.0110483 
  2699,0.0110483 
  2700,0.0110483 
  2701,0.0110483 
  2702,0.0110483 
  2703,0.0110483 
  2704,0.0110483 
  2705,0.0110483 
  2706,0.0110483 
  2707,0.0110483 
  2708,0.0110483 
  2709,0.0110483 
  2710,0.0110483 
  2711,0.0110483 
  2712,0.0110483 
  2713,0.0110483 
  2714,0.0110483 
  2715,0.0110483 
  2716,0.0110483 
  2717,0.0110483 
  2718,0.0110483 
  2719,0.0110483 
  2720,0.0110483 
  2721,0.0110483 
  2722,0.0110483 
  2723,0.0110483 
  2724,0.0110483 
  2725,0.0110483 
  2726,0.0110483 
  2727,0.0110483 
  2728,0.0110483 
  2729,0.0110483 
  2730,0.0110483 
  2731,0.0110483 
  2732,0.0110483 
  2733,0.0110483 
  2734,0.0110483 
  2735,0.0110483 
  2736,0.0110483 
  2737,0.0110483 
  2738,0.0110483 
  2739,0.0110483 
  2740,0.0110483 
  2741,0.0110483 
  2742,0.0110483 
  2743,0.0110483 
  2744,0.0110483 
  2745,0.0110483 
  2746,0.0110483 
  2747,0.0110483 
  2748,0.0110483 
  2749,0.0110483 
  2750,0.0110483 
  2751,0.0110483 
  2752,0.0110483 
  2753,0.0110483 
  2754,0.0110483 
  2755,0.0110483 
  2756,0.0110483 
  2757,0.0110483 
  2758,0.0110483 
  2759,0.0110483 
  2760,0.0110483 
  2761,0.0110483 
  2762,0.0110483 
  2763,0.0110483 
  2764,0.0110483 
  2765,0.0110483 
  2766,0.0110483 
  2767,0.0110483 
  2768,0.0110483 
  2769,0.0110483 
  2770,0.0110483 
  2771,0.0110483 
  2772,0.0110483 
  2773,0.0110483 
  2774,0.0110483 
  2775,0.0110483 
  2776,0.0110483 
  2777,0.0110483 
  2778,0.0110483 
  2779,0.0110483 
  2780,0.0110483 
  2781,0.0110483 
  2782,0.0110483 
  2783,0.0110483 
  2784,0.0110483 
  2785,0.0110483 
  2786,0.0110483 
  2787,0.0110483 
  2788,0.0110483 
  2789,0.0110483 
  2790,0.0110483 
  2791,0.0110483 
  2792,0.0110483 
  2793,0.0110483 
  2794,0.0110483 
  2795,0.0110483 
  2796,0.0110483 
  2797,0.0110483 
  2798,0.0110483 
  2799,0.0110483 
  2800,0.0110483 
  2801,0.0110483 
  2802,0.0110483 
  2803,0.0110483 
  2804,0.0110483 
  2805,0.0110483 
  2806,0.0110483 
  2807,0.0110483 
  2808,0.0110483 
  2809,0.0110483 
  2810,0.0110483 
  2811,0.0110483 
  2812,0.0110483 
  2813,0.0110483 
  2814,0.0110483 
  2815,0.0110483 
  2816,0.0110483 
  2817,0.0110483 
  2818,0.0110483 
  2819,0.0110483 
  2820,0.0110483 
  2821,0.0110483 
  2822,0.0110483 
  2823,0.0110483 
  2824,0.0110483 
  2825,0.0110483 
  2826,0.0110483 
  2827,0.0110483 
  2828,0.0110483 
  2829,0.0110483 
  2830,0.0110483 
  2831,0.0110483 
  2832,0.0110483 
  2833,0.0110483 
  2834,0.0078125 
  2835,0.0078125 
  2836,0.0078125 
  2837,0.0078125 
  2838,0.0078125 
  2839,0.0078125 
  2840,0.0078125 
  2841,0.0078125 
  2842,0.0078125 
  2843,0.0078125 
  2844,0.0078125 
  2845,0.0078125 
  2846,0.0078125 
  2847,0.0078125 
  2848,0.0078125 
  2849,0.0078125 
  2850,0.0078125 
  2851,0.0078125 
  2852,0.0078125 
  2853,0.0078125 
  2854,0.0078125 
  2855,0.0078125 
  2856,0.0078125 
  2857,0.0078125 
  2858,0.0078125 
  2859,0.0078125 
  2860,0.0078125 
  2861,0.0078125 
  2862,0.0078125 
  2863,0.0078125 
  2864,0.0078125 
  2865,0.0078125 
  2866,0.0078125 
  2867,0.0078125 
  2868,0.0078125 
  2869,0.0078125 
  2870,0.0078125 
  2871,0.0078125 
  2872,0.0078125 
  2873,0.0078125 
  2874,0.0078125 
  2875,0.0078125 
  2876,0.0078125 
  2877,0.0078125 
  2878,0.0078125 
  2879,0.0078125 
  2880,0.0078125 
  2881,0.0078125 
  2882,0.0078125 
  2883,0.0078125 
  2884,0.0078125 
  2885,0.0078125 
  2886,0.0078125 
  2887,0.0078125 
  2888,0.0078125 
  2889,0.0078125 
  2890,0.0078125 
  2891,0.0078125 
  2892,0.0078125 
  2893,0.0078125 
  2894,0.0078125 
  2895,0.0078125 
  2896,0.0078125 
  2897,0.0078125 
  2898,0.0078125 
  2899,0.0078125 
  2900,0.0078125 
  2901,0.0078125 
  2902,0.0078125 
  2903,0.0078125 
  2904,0.0078125 
  2905,0.0078125 
  2906,0.0078125 
  2907,0.0078125 
  2908,0.0078125 
  2909,0.0078125 
  2910,0.0078125 
  2911,0.0078125 
  2912,0.0078125 
  2913,0.0078125 
  2914,0.0078125 
  2915,0.0078125 
  2916,0.0078125 
  2917,0.0078125 
  2918,0.0078125 
  2919,0.0078125 
  2920,0.0078125 
  2921,0.0078125 
  2922,0.0078125 
  2923,0.0078125 
  2924,0.0078125 
  2925,0.0078125 
  2926,0.0078125 
  2927,0.0078125 
  2928,0.0078125 
  2929,0.0078125 
  2930,0.0078125 
  2931,0.0078125 
  2932,0.0078125 
  2933,0.0078125 
  2934,0.0078125 
  2935,0.0078125 
  2936,0.0078125 
  2937,0.0078125 
  2938,0.0078125 
  2939,0.0078125 
  2940,0.0078125 
  2941,0.0078125 
  2942,0.0078125 
  2943,0.0078125 
  2944,0.0078125 
  2945,0.0078125 
  2946,0.0078125 
  2947,0.0078125 
  2948,0.0078125 
  2949,0.0078125 
  2950,0.0078125 
  2951,0.0078125 
  2952,0.0078125 
  2953,0.0078125 
  2954,0.0078125 
  2955,0.0078125 
  2956,0.0078125 
  2957,0.0078125 
  2958,0.0078125 
  2959,0.0078125 
  2960,0.0078125 
  2961,0.0078125 
  2962,0.0078125 
  2963,0.0078125 
  2964,0.0078125 
  2965,0.0078125 
  2966,0.0078125 
  2967,0.0078125 
  2968,0.0078125 
  2969,0.0078125 
  2970,0.0078125 
  2971,0.0078125 
  2972,0.0078125 
  2973,0.0078125 
  2974,0.0078125 
  2975,0.0078125 
  2976,0.0078125 
  2977,0.0078125 
  2978,0.0078125 
  2979,0.0078125 
  2980,0.0078125 
  2981,0.0078125 
  2982,0.0078125 
  2983,0.0078125 
  2984,0.0078125 
  2985,0.0078125 
  2986,0.0078125 
  2987,0.0078125 
  2988,0.0078125 
  2989,0.0078125 
  2990,0.0078125 
  2991,0.0078125 
  2992,0.0078125 
  2993,0.0078125 
  2994,0.0078125 
  2995,0.0078125 
  2996,0.0078125 
  2997,0.0078125 
  2998,0.0078125 
  2999,0.0078125 
  3000,0.0078125 
  3001,0.0078125 
  3002,0.0078125 
  3003,0.0078125 
  3004,0.0078125 
  3005,0.0078125 
  3006,0.0078125 
  3007,0.0078125 
  3008,0.0078125 
  3009,0.0078125 
  3010,0.0078125 
  3011,0.0078125 
  3012,0.0078125 
  3013,0.0078125 
  3014,0.0078125 
  3015,0.0078125 
  3016,0.0078125 
  3017,0.0078125 
  3018,0.0078125 
  3019,0.0078125 
  3020,0.0078125 
  3021,0.0078125 
  3022,0.0078125 
  3023,0.0078125 
  3024,0.0078125 
  3025,0.0078125 
  3026,0.0078125 
  3027,0.0078125 
  3028,0.0078125 
  3029,0.0078125 
  3030,0.0078125 
  3031,0.0078125 
  3032,0.0078125 
  3033,0.0078125 
  3034,0.0078125 
  3035,0.0078125 
  3036,0.0078125 
  3037,0.0078125 
  3038,0.0078125 
  3039,0.0078125 
  3040,0.0078125 
  3041,0.0078125 
  3042,0.0078125 
  3043,0.0078125 
  3044,0.0078125 
  3045,0.0078125 
  3046,0.0078125 
  3047,0.0078125 
  3048,0.0078125 
  3049,0.0078125 
  3050,0.0078125 
  3051,0.0078125 
  3052,0.0078125 
  3053,0.0078125 
  3054,0.0078125 
  3055,0.0078125 
  3056,0.0078125 
  3057,0.0078125 
  3058,0.0078125 
  3059,0.0078125 
  3060,0.0078125 
  3061,0.0078125 
  3062,0.0078125 
  3063,0.0078125 
  3064,0.0078125 
  3065,0.0078125 
  3066,0.0078125 
  3067,0.0078125 
  3068,0.0078125 
  3069,0.0078125 
  3070,0.0078125 
  3071,0.0078125 
  3072,0.0078125 
  3073,0.0078125 
  3074,0.0078125 
  3075,0.0078125 
  3076,0.0078125 
  3077,0.0078125 
  3078,0.0078125 
  3079,0.0078125 
  3080,0.0078125 
  3081,0.0078125 
  3082,0.0078125 
  3083,0.0078125 
  3084,0.0078125 
  3085,0.0078125 
  3086,0.0078125 
  3087,0.0078125 
  3088,0.0078125 
  3089,0.0078125 
  3090,0.0078125 
  3091,0.0078125 
  3092,0.0078125 
  3093,0.0078125 
  3094,0.0078125 
  3095,0.0078125 
  3096,0.0078125 
  3097,0.0078125 
  3098,0.0078125 
  3099,0.0078125 
  3100,0.0078125 
  3101,0.0078125 
  3102,0.0078125 
  3103,0.0078125 
  3104,0.0078125 
  3105,0.0078125 
  3106,0.0078125 
  3107,0.0078125 
  3108,0.0078125 
  3109,0.0078125 
  3110,0.0078125 
  3111,0.0078125 
  3112,0.0078125 
  3113,0.0078125 
  3114,0.0078125 
  3115,0.0078125 
  3116,0.0078125 
  3117,0.0078125 
  3118,0.0078125 
  3119,0.0078125 
  3120,0.0078125 
  3121,0.0078125 
  3122,0.0078125 
  3123,0.0078125 
  3124,0.0078125 
  3125,0.0078125 
  3126,0.0078125 
  3127,0.0078125 
  3128,0.0078125 
  3129,0.0078125 
  3130,0.0078125 
  3131,0.0078125 
  3132,0.0078125 
  3133,0.0078125 
  3134,0.0078125 
  3135,0.0078125 
  3136,0.0078125 
  3137,0.0078125 
  3138,0.0078125 
  3139,0.0078125 
  3140,0.0078125 
  3141,0.0078125 
  3142,0.0078125 
  3143,0.0078125 
  3144,0.0078125 
  3145,0.0078125 
  3146,0.0078125 
  3147,0.0078125 
  3148,0.0078125 
  3149,0.0078125 
  3150,0.0078125 
  3151,0.0078125 
  3152,0.0078125 
  3153,0.0078125 
  3154,0.0078125 
  3155,0.0078125 
  3156,0.0078125 
  3157,0.0078125 
  3158,0.0078125 
  3159,0.0078125 
  3160,0.0078125 
  3161,0.0078125 
  3162,0.0078125 
  3163,0.0078125 
  3164,0.0078125 
  3165,0.0078125 
  3166,0.0078125 
  3167,0.0078125 
  3168,0.0078125 
  3169,0.0078125 
  3170,0.0078125 
  3171,0.0078125 
  3172,0.0078125 
  3173,0.0078125 
  3174,0.0078125 
  3175,0.0078125 
  3176,0.0078125 
  3177,0.0078125 
  3178,0.0078125 
  3179,0.0078125 
  3180,0.0078125 
  3181,0.0078125 
  3182,0.0078125 
  3183,0.0078125 
  3184,0.0078125 
  3185,0.0078125 
  3186,0.0078125 
  3187,0.0078125 
  3188,0.0078125 
  3189,0.0078125 
  3190,0.0078125 
  3191,0.0078125 
  3192,0.0078125 
  3193,0.0078125 
  3194,0.0078125 
  3195,0.0078125 
  3196,0.0078125 
  3197,0.0078125 
  3198,0.0078125 
  3199,0.0078125 
  3200,0.0078125 
  3201,0.0078125 
  3202,0.0078125 
  3203,0.0078125 
  3204,0.0078125 
  3205,0.0078125 
  3206,0.0078125 
  3207,0.0078125 
  3208,0.0078125 
  3209,0.0078125 
  3210,0.0078125 
  3211,0.0078125 
  3212,0.0078125 
  3213,0.0078125 
  3214,0.0078125 
  3215,0.0078125 
  3216,0.0078125 
  3217,0.0078125 
  3218,0.0078125 
  3219,0.0078125 
  3220,0.0078125 
  3221,0.0078125 
  3222,0.0078125 
  3223,0.0078125 
  3224,0.0078125 
  3225,0.0078125 
  3226,0.0078125 
  3227,0.0078125 
