# iteration relative_error 
  0,1 
  1,0.433725 
  2,0.269409 
  3,0.193389 
  4,0.149364 
  5,0.122231 
  6,0.102662 
  7,0.0884199 
  8,0.0801601 
  9,0.0713129 
  10,0.0653181 
  11,0.0600319 
  12,0.0570059 
  13,0.0526905 
  14,0.0503426 
  15,0.0482168 
  16,0.0448103 
  17,0.043088 
  18,0.0415001 
  19,0.0400314 
  20,0.0386648 
  21,0.0373878 
  22,0.0349684 
  23,0.033886 
  24,0.0328693 
  25,0.0319099 
  26,0.031002 
  27,0.0301456 
  28,0.0293341 
  29,0.0285606 
  30,0.0278263 
  31,0.0271273 
  32,0.0264616 
  33,0.0258274 
  34,0.0252199 
  35,0.0246401 
  36,0.024085 
  37,0.0235529 
  38,0.0230427 
  39,0.0225534 
  40,0.0220842 
  41,0.0216322 
  42,0.0211983 
  43,0.0207806 
  44,0.0203772 
  45,0.01999 
  46,0.0196152 
  47,0.0192537 
  48,0.0189056 
  49,0.018569 
  50,0.0182438 
  51,0.0179291 
  52,0.0176239 
  53,0.0173292 
  54,0.017045 
  55,0.0167685 
  56,0.0165005 
  57,0.0162401 
  58,0.0159883 
  59,0.0157442 
  60,0.0155067 
  61,0.015276 
  62,0.0150518 
  63,0.0148344 
  64,0.0146227 
  65,0.0144167 
  66,0.0142164 
  67,0.0140209 
  68,0.0138311 
  69,0.0136461 
  70,0.0134659 
  71,0.0132904 
  72,0.0131197 
  73,0.0129519 
  74,0.0127897 
  75,0.0126305 
  76,0.012475 
  77,0.0123234 
  78,0.0121756 
  79,0.0120316 
  80,0.0118904 
  81,0.0117521 
  82,0.0116177 
  83,0.0114851 
  84,0.0113564 
  85,0.0112305 
  86,0.0111074 
  87,0.0109863 
  88,0.0108681 
  89,0.0107517 
  90,0.0106382 
  91,0.0105276 
  92,0.0104189 
  93,0.0103121 
  94,0.0102081 
  95,0.0101051 
  96,0.010005 
  97,0.00990677 
  98,0.00980949 
  99,0.00971508 
  100,0.00962162 
  101,0.00953102 
  102,0.00944138 
  103,0.00935364 
  104,0.00926685 
  105,0.00918198 
  106,0.00909901 
  107,0.00901794 
  108,0.00893688 
  109,0.00885868 
  110,0.00878048 
  111,0.00870419 
  112,0.0086298 
  113,0.00855541 
  114,0.00848293 
  115,0.00841236 
  116,0.00834179 
  117,0.00827312 
  118,0.00820541 
  119,0.00813866 
  120,0.00807285 
  121,0.008008 
  122,0.00794506 
  123,0.00788212 
  124,0.00782013 
  125,0.00776005 
  126,0.00769997 
  127,0.00764179 
  128,0.00758362 
  129,0.0075264 
  130,0.00747013 
  131,0.00741482 
  132,0.00736046 
  133,0.0073061 
  134,0.00725365 
  135,0.00720119 
  136,0.0071497 
  137,0.00709915 
  138,0.00704861 
  139,0.00699902 
  140,0.00695038 
  141,0.00690269 
  142,0.00685501 
  143,0.00680828 
  144,0.0067625 
  145,0.00671673 
  146,0.00667191 
  147,0.00662708 
  148,0.00658321 
  149,0.0065403 
  150,0.00649834 
  151,0.00645542 
  152,0.00641441 
  153,0.00637341 
  154,0.0063324 
  155,0.00629234 
  156,0.00625324 
  157,0.00621414 
  158,0.00617599 
  159,0.00613785 
  160,0.00610065 
  161,0.00606346 
  162,0.00602627 
  163,0.00599003 
  164,0.00595474 
  165,0.00591946 
  166,0.00588417 
  167,0.00584984 
  168,0.00581551 
  169,0.00578213 
  170,0.00574875 
  171,0.00571537 
  172,0.00568295 
  173,0.00565052 
  174,0.00561905 
  175,0.00558662 
  176,0.00555611 
  177,0.00552464 
  178,0.00549412 
  179,0.00546455 
  180,0.00543499 
  181,0.00540543 
  182,0.00537586 
  183,0.00534725 
  184,0.00531864 
  185,0.00529003 
  186,0.00526237 
  187,0.00523472 
  188,0.00520706 
  189,0.00518036 
  190,0.00515366 
  191,0.00512695 
  192,0.00510025 
  193,0.0050745 
  194,0.00504875 
  195,0.005023 
  196,0.00499821 
  197,0.00497341 
  198,0.00494862 
  199,0.00492382 
  200,0.00489902 
  201,0.00487518 
  202,0.00485134 
  203,0.00482845 
  204,0.00480461 
  205,0.00478172 
  206,0.00475883 
  207,0.00473595 
  208,0.00471401 
  209,0.00469112 
  210,0.00466919 
  211,0.00464725 
  212,0.00462627 
  213,0.00460434 
  214,0.00458336 
  215,0.00456238 
  216,0.0045414 
  217,0.00452042 
  218,0.00450039 
  219,0.00448036 
  220,0.00446033 
  221,0.00444031 
  222,0.00442028 
  223,0.00440025 
  224,0.00438118 
  225,0.00436211 
  226,0.00434303 
  227,0.00432396 
  228,0.00430584 
  229,0.00428677 
  230,0.00426865 
  231,0.00425053 
  232,0.00423241 
  233,0.00421429 
  234,0.00419617 
  235,0.004179 
  236,0.00416088 
  237,0.00414371 
  238,0.00412655 
  239,0.00410938 
  240,0.00409317 
  241,0.004076 
  242,0.00405884 
  243,0.00404263 
  244,0.00402641 
  245,0.0040102 
  246,0.00399399 
  247,0.00397778 
  248,0.00396252 
  249,0.0039463 
  250,0.00393105 
  251,0.00391483 
  252,0.00389957 
  253,0.00388432 
  254,0.00387001 
  255,0.00385475 
  256,0.00383949 
  257,0.00382519 
  258,0.00380993 
  259,0.00379562 
  260,0.00378132 
  261,0.00376701 
  262,0.00375271 
  263,0.0037384 
  264,0.0037241 
  265,0.00371075 
  266,0.00369644 
  267,0.00368309 
  268,0.00366974 
  269,0.00365639 
  270,0.00364304 
  271,0.00362968 
  272,0.00361633 
  273,0.00360298 
  274,0.00358963 
  275,0.00357723 
  276,0.00356388 
  277,0.00355148 
  278,0.00353909 
  279,0.00352573 
  280,0.00351334 
  281,0.00350094 
  282,0.00348854 
  283,0.0034771 
  284,0.0034647 
  285,0.0034523 
  286,0.00344086 
  287,0.00342846 
  288,0.00341702 
  289,0.00340557 
  290,0.00339413 
  291,0.00338173 
  292,0.00337029 
  293,0.00335884 
  294,0.00334835 
  295,0.00333691 
  296,0.00332546 
  297,0.00331402 
  298,0.00330353 
  299,0.00329208 
  300,0.00328159 
  301,0.0032711 
  302,0.00325966 
  303,0.00324917 
  304,0.00323868 
  305,0.00322819 
  306,0.0032177 
  307,0.00320721 
  308,0.00319672 
  309,0.00318718 
  310,0.00317669 
  311,0.0031662 
  312,0.00315666 
  313,0.00314617 
  314,0.00313663 
  315,0.0031271 
  316,0.00311661 
  317,0.00310707 
  318,0.00309753 
  319,0.003088 
  320,0.00307846 
  321,0.00306892 
  322,0.00305939 
  323,0.00304985 
  324,0.00304031 
  325,0.00303078 
  326,0.00302219 
  327,0.00301266 
  328,0.00300407 
  329,0.00299454 
  330,0.00298595 
  331,0.00297642 
  332,0.00296783 
  333,0.00295925 
  334,0.00295067 
  335,0.00294113 
  336,0.00293255 
  337,0.00292397 
  338,0.00291538 
  339,0.0029068 
  340,0.00289822 
  341,0.00289059 
  342,0.002882 
  343,0.00287342 
  344,0.00286484 
  345,0.00285721 
  346,0.00284863 
  347,0.002841 
  348,0.00283241 
  349,0.00282478 
  350,0.0028162 
  351,0.00280857 
  352,0.00280094 
  353,0.00279236 
  354,0.00278473 
  355,0.0027771 
  356,0.00276947 
  357,0.00276184 
  358,0.00275421 
  359,0.00274658 
  360,0.00273895 
  361,0.00273132 
  362,0.00272369 
  363,0.00271606 
  364,0.00270844 
  365,0.00270176 
  366,0.00269413 
  367,0.0026865 
  368,0.00267982 
  369,0.0026722 
  370,0.00266552 
  371,0.00265789 
  372,0.00265121 
  373,0.00264359 
  374,0.00263691 
  375,0.00263023 
  376,0.0026226 
  377,0.00261593 
  378,0.00260925 
  379,0.00260258 
  380,0.0025959 
  381,0.00258923 
  382,0.00258255 
  383,0.00257587 
  384,0.0025692 
  385,0.00256252 
  386,0.00255585 
  387,0.00254917 
  388,0.0025425 
  389,0.00253582 
  390,0.00252914 
  391,0.00252342 
  392,0.00251675 
  393,0.00251007 
  394,0.00250435 
  395,0.00249767 
  396,0.002491 
  397,0.00248528 
  398,0.0024786 
  399,0.00247288 
  400,0.00246716 
  401,0.00246048 
  402,0.00245476 
  403,0.00244808 
  404,0.00244236 
  405,0.00243664 
  406,0.00243092 
  407,0.00242424 
  408,0.00241852 
  409,0.0024128 
  410,0.00240707 
  411,0.00240135 
  412,0.00239563 
  413,0.00238991 
  414,0.00238419 
  415,0.00237846 
  416,0.00237274 
  417,0.00236702 
  418,0.0023613 
  419,0.00235558 
  420,0.00234985 
  421,0.00234413 
  422,0.00233936 
  423,0.00233364 
  424,0.00232792 
  425,0.0023222 
  426,0.00231743 
  427,0.00231171 
  428,0.00230598 
  429,0.00230122 
  430,0.00229549 
  431,0.00229073 
  432,0.002285 
  433,0.00228024 
  434,0.00227451 
  435,0.00226974 
  436,0.00226402 
  437,0.00225925 
  438,0.00225449 
  439,0.00224876 
  440,0.002244 
  441,0.00223923 
  442,0.00223351 
  443,0.00222874 
  444,0.00222397 
  445,0.0022192 
  446,0.00221348 
  447,0.00220871 
  448,0.00220394 
  449,0.00219917 
  450,0.0021944 
  451,0.00218964 
  452,0.00218487 
  453,0.0021801 
  454,0.00217533 
  455,0.00217056 
  456,0.00216579 
  457,0.00216103 
  458,0.00215626 
  459,0.00215149 
  460,0.00214672 
  461,0.00214195 
  462,0.00213814 
  463,0.00213337 
  464,0.0021286 
  465,0.00212383 
  466,0.00211906 
  467,0.00211525 
  468,0.00211048 
  469,0.00210571 
  470,0.0021019 
  471,0.00209713 
  472,0.00209236 
  473,0.00208855 
  474,0.00208378 
  475,0.00207996 
  476,0.0020752 
  477,0.00207043 
  478,0.00206661 
  479,0.00206184 
  480,0.00205803 
  481,0.00205326 
  482,0.00204945 
  483,0.00204563 
  484,0.00204086 
  485,0.00203705 
  486,0.00203228 
  487,0.00202847 
  488,0.00202465 
  489,0.00201988 
  490,0.00201607 
  491,0.00201225 
  492,0.00200844 
  493,0.00200367 
  494,0.00199986 
  495,0.00199604 
  496,0.00199223 
  497,0.00198841 
  498,0.00198364 
  499,0.00197983 
  500,0.00197601 
  501,0.0019722 
  502,0.00196838 
  503,0.00196457 
  504,0.00196075 
  505,0.00195694 
  506,0.00195312 
  507,0.00194931 
  508,0.0019455 
  509,0.00194168 
  510,0.00193787 
  511,0.00193405 
  512,0.00193024 
  513,0.00192642 
  514,0.00192261 
  515,0.00191879 
  516,0.00191498 
  517,0.00191116 
  518,0.0019083 
  519,0.00190449 
  520,0.00190067 
  521,0.00189686 
  522,0.00189304 
  523,0.00189018 
  524,0.00188637 
  525,0.00188255 
  526,0.00187874 
  527,0.00187588 
  528,0.00187206 
  529,0.00186825 
  530,0.00186539 
  531,0.00186157 
  532,0.00185776 
  533,0.0018549 
  534,0.00185108 
  535,0.00184727 
  536,0.00184441 
  537,0.00184059 
  538,0.00183773 
  539,0.00183392 
  540,0.00183105 
  541,0.00182724 
  542,0.00182343 
  543,0.00182056 
  544,0.00181675 
  545,0.00181389 
  546,0.00181103 
  547,0.00180721 
  548,0.00180435 
  549,0.00180054 
  550,0.00179768 
  551,0.00179386 
  552,0.001791 
  553,0.00178814 
  554,0.00178432 
  555,0.00178146 
  556,0.0017786 
  557,0.00177479 
  558,0.00177193 
  559,0.00176907 
  560,0.00176525 
  561,0.00176239 
  562,0.00175953 
  563,0.00175667 
  564,0.00175285 
  565,0.00174999 
  566,0.00174713 
  567,0.00174427 
  568,0.00174046 
  569,0.00173759 
  570,0.00173473 
  571,0.00173187 
  572,0.00172901 
  573,0.00172615 
  574,0.00172234 
  575,0.00171947 
  576,0.00171661 
  577,0.00171375 
  578,0.00171089 
  579,0.00170803 
  580,0.00170517 
  581,0.00170231 
  582,0.00169945 
  583,0.00169659 
  584,0.00169373 
  585,0.00169086 
  586,0.001688 
  587,0.00168514 
  588,0.00168228 
  589,0.00167942 
  590,0.00167656 
  591,0.0016737 
  592,0.00167084 
  593,0.00166798 
  594,0.00166512 
  595,0.00166225 
  596,0.00165939 
  597,0.00165653 
  598,0.00165367 
  599,0.00165081 
  600,0.0016489 
  601,0.00164604 
  602,0.00164318 
  603,0.00164032 
  604,0.00163746 
  605,0.0016346 
  606,0.00163269 
  607,0.00162983 
  608,0.00162697 
  609,0.00162411 
  610,0.00162125 
  611,0.00161934 
  612,0.00161648 
  613,0.00161362 
  614,0.00161076 
  615,0.00160885 
  616,0.00160599 
  617,0.00160313 
  618,0.00160027 
  619,0.00159836 
  620,0.0015955 
  621,0.00159264 
  622,0.00159073 
  623,0.00158787 
  624,0.00158501 
  625,0.0015831 
  626,0.00158024 
  627,0.00157833 
  628,0.00157547 
  629,0.00157261 
  630,0.0015707 
  631,0.00156784 
  632,0.00156498 
  633,0.00156307 
  634,0.00156021 
  635,0.0015583 
  636,0.00155544 
  637,0.00155354 
  638,0.00155067 
  639,0.00154877 
  640,0.00154591 
  641,0.001544 
  642,0.00154114 
  643,0.00153923 
  644,0.00153637 
  645,0.00153446 
  646,0.0015316 
  647,0.00152969 
  648,0.00152683 
  649,0.00152493 
  650,0.00152206 
  651,0.00152016 
  652,0.0015173 
  653,0.00151539 
  654,0.00151348 
  655,0.00151062 
  656,0.00150871 
  657,0.00150585 
  658,0.00150394 
  659,0.00150204 
  660,0.00149918 
  661,0.00149727 
  662,0.00149441 
  663,0.0014925 
  664,0.00149059 
  665,0.00148773 
  666,0.00148582 
  667,0.00148392 
  668,0.00148106 
  669,0.00147915 
  670,0.00147724 
  671,0.00147533 
  672,0.00147247 
  673,0.00147057 
  674,0.00146866 
  675,0.0014658 
  676,0.00146389 
  677,0.00146198 
  678,0.00146008 
  679,0.00145721 
  680,0.00145531 
  681,0.0014534 
  682,0.00145149 
  683,0.00144958 
  684,0.00144672 
  685,0.00144482 
  686,0.00144291 
  687,0.001441 
  688,0.00143909 
  689,0.00143623 
  690,0.00143433 
  691,0.00143242 
  692,0.00143051 
  693,0.0014286 
  694,0.0014267 
  695,0.00142384 
  696,0.00142193 
  697,0.00142002 
  698,0.00141811 
  699,0.00141621 
  700,0.0014143 
  701,0.00141239 
  702,0.00141048 
  703,0.00140762 
  704,0.00140572 
  705,0.00140381 
  706,0.0014019 
  707,0.00139999 
  708,0.00139809 
  709,0.00139618 
  710,0.00139427 
  711,0.00139236 
  712,0.00139046 
  713,0.00138855 
  714,0.00138664 
  715,0.00138474 
  716,0.00138283 
  717,0.00138092 
  718,0.00137901 
  719,0.00137711 
  720,0.0013752 
  721,0.00137329 
  722,0.00137138 
  723,0.00136948 
  724,0.00136757 
  725,0.00136566 
  726,0.00136375 
  727,0.00136185 
  728,0.00135994 
  729,0.00135803 
  730,0.00135612 
  731,0.00135422 
  732,0.00135231 
  733,0.0013504 
  734,0.0013485 
  735,0.00134754 
  736,0.00134563 
  737,0.00134373 
  738,0.00134182 
  739,0.00133991 
  740,0.00133801 
  741,0.0013361 
  742,0.00133419 
  743,0.00133228 
  744,0.00133133 
  745,0.00132942 
  746,0.00132751 
  747,0.00132561 
  748,0.0013237 
  749,0.00132179 
  750,0.00131989 
  751,0.00131893 
  752,0.00131702 
  753,0.00131512 
  754,0.00131321 
  755,0.0013113 
  756,0.00130939 
  757,0.00130844 
  758,0.00130653 
  759,0.00130463 
  760,0.00130272 
  761,0.00130177 
  762,0.00129986 
  763,0.00129795 
  764,0.00129604 
  765,0.00129414 
  766,0.00129318 
  767,0.00129128 
  768,0.00128937 
  769,0.00128746 
  770,0.00128651 
  771,0.0012846 
  772,0.00128269 
  773,0.00128078 
  774,0.00127983 
  775,0.00127792 
  776,0.00127602 
  777,0.00127506 
  778,0.00127316 
  779,0.00127125 
  780,0.00126934 
  781,0.00126839 
  782,0.00126648 
  783,0.00126457 
  784,0.00126362 
  785,0.00126171 
  786,0.0012598 
  787,0.00125885 
  788,0.00125694 
  789,0.00125504 
  790,0.00125408 
  791,0.00125217 
  792,0.00125027 
  793,0.00124931 
  794,0.00124741 
  795,0.0012455 
  796,0.00124454 
  797,0.00124264 
  798,0.00124168 
  799,0.00123978 
  800,0.00123787 
  801,0.00123692 
  802,0.00123501 
  803,0.0012331 
  804,0.00123215 
  805,0.00123024 
  806,0.00122929 
  807,0.00122738 
  808,0.00122643 
  809,0.00122452 
  810,0.00122261 
  811,0.00122166 
  812,0.00121975 
  813,0.0012188 
  814,0.00121689 
  815,0.00121593 
  816,0.00121403 
  817,0.00121212 
  818,0.00121117 
  819,0.00120926 
  820,0.00120831 
  821,0.0012064 
  822,0.00120544 
  823,0.00120354 
  824,0.00120258 
  825,0.00120068 
  826,0.00119972 
  827,0.00119781 
  828,0.00119686 
  829,0.00119495 
  830,0.001194 
  831,0.00119209 
  832,0.00119114 
  833,0.00118923 
  834,0.00118828 
  835,0.00118637 
  836,0.00118542 
  837,0.00118351 
  838,0.00118256 
  839,0.00118065 
  840,0.0011797 
  841,0.00117779 
  842,0.00117683 
  843,0.00117493 
  844,0.00117397 
  845,0.00117207 
  846,0.00117111 
  847,0.00117016 
  848,0.00116825 
  849,0.0011673 
  850,0.00116539 
  851,0.00116444 
  852,0.00116253 
  853,0.00116158 
  854,0.00116062 
  855,0.00115871 
  856,0.00115776 
  857,0.00115585 
  858,0.0011549 
  859,0.00115395 
  860,0.00115204 
  861,0.00115108 
  862,0.00114918 
  863,0.00114822 
  864,0.00114727 
  865,0.00114536 
  866,0.00114441 
  867,0.0011425 
  868,0.00114155 
  869,0.00114059 
  870,0.00113869 
  871,0.00113773 
  872,0.00113678 
  873,0.00113487 
  874,0.00113392 
  875,0.00113297 
  876,0.00113106 
  877,0.0011301 
  878,0.0011282 
  879,0.00112724 
  880,0.00112629 
  881,0.00112438 
  882,0.00112343 
  883,0.00112247 
  884,0.00112152 
  885,0.00111961 
  886,0.00111866 
  887,0.00111771 
  888,0.0011158 
  889,0.00111485 
  890,0.00111389 
  891,0.00111198 
  892,0.00111103 
  893,0.00111008 
  894,0.00110817 
  895,0.00110722 
  896,0.00110626 
  897,0.00110531 
  898,0.0011034 
  899,0.00110245 
  900,0.00110149 
  901,0.00109959 
  902,0.00109863 
  903,0.00109768 
  904,0.00109673 
  905,0.00109482 
  906,0.00109386 
  907,0.00109291 
  908,0.00109196 
  909,0.00109005 
  910,0.0010891 
  911,0.00108814 
  912,0.00108719 
  913,0.00108528 
  914,0.00108433 
  915,0.00108337 
  916,0.00108242 
  917,0.00108051 
  918,0.00107956 
  919,0.00107861 
  920,0.00107765 
  921,0.00107574 
  922,0.00107479 
  923,0.00107384 
  924,0.00107288 
  925,0.00107193 
  926,0.00107002 
  927,0.00106907 
  928,0.00106812 
  929,0.00106716 
  930,0.00106621 
  931,0.0010643 
  932,0.00106335 
  933,0.00106239 
  934,0.00106144 
  935,0.00106049 
  936,0.00105858 
  937,0.00105762 
  938,0.00105667 
  939,0.00105572 
  940,0.00105476 
  941,0.00105381 
  942,0.0010519 
  943,0.00105095 
  944,0.00105 
  945,0.00104904 
  946,0.00104809 
  947,0.00104713 
  948,0.00104618 
  949,0.00104427 
  950,0.00104332 
  951,0.00104237 
  952,0.00104141 
  953,0.00104046 
  954,0.00103951 
  955,0.00103855 
  956,0.00103664 
  957,0.00103569 
  958,0.00103474 
  959,0.00103378 
  960,0.00103283 
  961,0.00103188 
  962,0.00103092 
  963,0.00102997 
  964,0.00102806 
  965,0.00102711 
  966,0.00102615 
  967,0.0010252 
  968,0.00102425 
  969,0.00102329 
  970,0.00102234 
  971,0.00102139 
  972,0.00102043 
  973,0.00101852 
  974,0.00101757 
  975,0.00101662 
  976,0.00101566 
  977,0.00101471 
  978,0.00101376 
  979,0.0010128 
  980,0.00101185 
  981,0.00101089 
  982,0.00100994 
  983,0.00100899 
  984,0.00100803 
  985,0.00100708 
  986,0.00100517 
  987,0.00100422 
  988,0.00100327 
  989,0.00100231 
  990,0.00100136 
  991,0.0010004 
  992,0.000999451 
  993,0.000998497 
  994,0.000997543 
  995,0.00099659 
  996,0.000995636 
  997,0.000994682 
  998,0.000993729 
  999,0.000992775 
  1000,0.000991821 
  1001,0.000990868 
  1002,0.000989914 
  1003,0.00098896 
  1004,0.000988007 
  1005,0.000987053 
  1006,0.000986099 
  1007,0.000985146 
  1008,0.000984192 
  1009,0.000983238 
  1010,0.000982285 
  1011,0.000980377 
  1012,0.000979424 
  1013,0.00097847 
  1014,0.000977516 
  1015,0.000976562 
  1016,0.000975609 
  1017,0.000974655 
  1018,0.000973701 
  1019,0.000972748 
  1020,0.000971794 
  1021,0.00097084 
  1022,0.000969887 
  1023,0.000968933 
  1024,0.000968933 
  1025,0.000967979 
  1026,0.000967026 
  1027,0.000966072 
  1028,0.000965118 
  1029,0.000964165 
  1030,0.000963211 
  1031,0.000962257 
  1032,0.000961304 
  1033,0.00096035 
  1034,0.000959396 
  1035,0.000958443 
  1036,0.000957489 
  1037,0.000956535 
  1038,0.000955582 
  1039,0.000954628 
  1040,0.000953674 
  1041,0.000952721 
  1042,0.000951767 
  1043,0.000950813 
  1044,0.00094986 
  1045,0.000948906 
  1046,0.000947952 
  1047,0.000946999 
  1048,0.000946045 
  1049,0.000945091 
  1050,0.000944138 
  1051,0.000944138 
  1052,0.000943184 
  1053,0.00094223 
  1054,0.000941277 
  1055,0.000940323 
  1056,0.000939369 
  1057,0.000938416 
  1058,0.000937462 
  1059,0.000936508 
  1060,0.000935555 
  1061,0.000934601 
  1062,0.000933647 
  1063,0.000932693 
  1064,0.000932693 
  1065,0.00093174 
  1066,0.000930786 
  1067,0.000929832 
  1068,0.000928879 
  1069,0.000927925 
  1070,0.000926971 
  1071,0.000926018 
  1072,0.000925064 
  1073,0.00092411 
  1074,0.000923157 
  1075,0.000923157 
  1076,0.000922203 
  1077,0.000921249 
  1078,0.000920296 
  1079,0.000919342 
  1080,0.000918388 
  1081,0.000917435 
  1082,0.000916481 
  1083,0.000915527 
  1084,0.000915527 
  1085,0.000914574 
  1086,0.00091362 
  1087,0.000912666 
  1088,0.000911713 
  1089,0.000910759 
  1090,0.000909805 
  1091,0.000908852 
  1092,0.000908852 
  1093,0.000907898 
  1094,0.000906944 
  1095,0.000905991 
  1096,0.000905037 
  1097,0.000904083 
  1098,0.00090313 
  1099,0.00090313 
  1100,0.000902176 
  1101,0.000901222 
  1102,0.000900269 
  1103,0.000899315 
  1104,0.000898361 
  1105,0.000897408 
  1106,0.000897408 
  1107,0.000896454 
  1108,0.0008955 
  1109,0.000894547 
  1110,0.000893593 
  1111,0.000892639 
  1112,0.000892639 
  1113,0.000891685 
  1114,0.000890732 
  1115,0.000889778 
  1116,0.000888824 
  1117,0.000887871 
  1118,0.000822067 
  1119,0.000821114 
  1120,0.00082016 
  1121,0.000819206 
  1122,0.000819206 
  1123,0.000818253 
  1124,0.000817299 
  1125,0.000817299 
  1126,0.000816345 
  1127,0.000815392 
  1128,0.000815392 
  1129,0.000814438 
  1130,0.000813484 
  1131,0.000813484 
  1132,0.000812531 
  1133,0.000811577 
  1134,0.000811577 
  1135,0.000810623 
  1136,0.000810623 
  1137,0.000809669 
  1138,0.000808716 
  1139,0.000808716 
  1140,0.000807762 
  1141,0.000806808 
  1142,0.000806808 
  1143,0.000805855 
  1144,0.000804901 
  1145,0.000804901 
  1146,0.000803947 
  1147,0.000802994 
  1148,0.000802994 
  1149,0.00080204 
  1150,0.00080204 
  1151,0.000801086 
  1152,0.000800133 
  1153,0.000800133 
  1154,0.000799179 
  1155,0.000798225 
  1156,0.000798225 
  1157,0.000797272 
  1158,0.000796318 
  1159,0.000796318 
  1160,0.000795364 
  1161,0.000795364 
  1162,0.000794411 
  1163,0.000793457 
  1164,0.000793457 
  1165,0.000792503 
  1166,0.00079155 
  1167,0.00079155 
  1168,0.000790596 
  1169,0.000790596 
  1170,0.000789642 
  1171,0.000788689 
  1172,0.000788689 
  1173,0.000787735 
  1174,0.000786781 
  1175,0.000786781 
  1176,0.000785828 
  1177,0.000785828 
  1178,0.000784874 
  1179,0.00078392 
  1180,0.00078392 
  1181,0.000782967 
  1182,0.000782967 
  1183,0.000782013 
  1184,0.000781059 
  1185,0.000781059 
  1186,0.000780106 
  1187,0.000780106 
  1188,0.000779152 
  1189,0.000778198 
  1190,0.000778198 
  1191,0.000777245 
  1192,0.000777245 
  1193,0.000776291 
  1194,0.000775337 
  1195,0.000775337 
  1196,0.000774384 
  1197,0.000774384 
  1198,0.00077343 
  1199,0.000772476 
  1200,0.000772476 
  1201,0.000771523 
  1202,0.000771523 
  1203,0.000770569 
  1204,0.000769615 
  1205,0.000769615 
  1206,0.000768661 
  1207,0.000768661 
  1208,0.000767708 
  1209,0.000766754 
  1210,0.000766754 
  1211,0.0007658 
  1212,0.0007658 
  1213,0.000764847 
  1214,0.000764847 
  1215,0.000763893 
  1216,0.000762939 
  1217,0.000762939 
  1218,0.000761986 
  1219,0.000761986 
  1220,0.000761032 
  1221,0.000760078 
  1222,0.000760078 
  1223,0.000759125 
  1224,0.000759125 
  1225,0.000758171 
  1226,0.000758171 
  1227,0.000757217 
  1228,0.000756264 
  1229,0.000756264 
  1230,0.00075531 
  1231,0.00075531 
  1232,0.000754356 
  1233,0.000754356 
  1234,0.000753403 
  1235,0.000752449 
  1236,0.000752449 
  1237,0.000751495 
  1238,0.000751495 
  1239,0.000750542 
  1240,0.000750542 
  1241,0.000749588 
  1242,0.000748634 
  1243,0.000748634 
  1244,0.000747681 
  1245,0.000747681 
  1246,0.000746727 
  1247,0.000746727 
  1248,0.000745773 
  1249,0.000745773 
  1250,0.00074482 
  1251,0.000743866 
  1252,0.000743866 
  1253,0.000742912 
  1254,0.000742912 
  1255,0.000741959 
  1256,0.000741959 
  1257,0.000741005 
  1258,0.000741005 
  1259,0.000740051 
  1260,0.000740051 
  1261,0.000739098 
  1262,0.000738144 
  1263,0.000738144 
  1264,0.00073719 
  1265,0.00073719 
  1266,0.000736237 
  1267,0.000736237 
  1268,0.000735283 
  1269,0.000735283 
  1270,0.000734329 
  1271,0.000734329 
  1272,0.000733376 
  1273,0.000732422 
  1274,0.000732422 
  1275,0.000731468 
  1276,0.000731468 
  1277,0.000730515 
  1278,0.000730515 
  1279,0.000729561 
  1280,0.000729561 
  1281,0.000728607 
  1282,0.000728607 
  1283,0.000727654 
  1284,0.000727654 
  1285,0.0007267 
  1286,0.0007267 
  1287,0.000725746 
  1288,0.000724792 
  1289,0.000724792 
  1290,0.000723839 
  1291,0.000723839 
  1292,0.000722885 
  1293,0.000722885 
  1294,0.000721931 
  1295,0.000721931 
  1296,0.000720978 
  1297,0.000720978 
  1298,0.000720024 
  1299,0.000720024 
  1300,0.00071907 
  1301,0.00071907 
  1302,0.000718117 
  1303,0.000718117 
  1304,0.000717163 
  1305,0.000717163 
  1306,0.000716209 
  1307,0.000716209 
  1308,0.000715256 
  1309,0.000715256 
  1310,0.000714302 
  1311,0.000714302 
  1312,0.000713348 
  1313,0.000713348 
  1314,0.000712395 
  1315,0.000711441 
  1316,0.000711441 
  1317,0.000710487 
  1318,0.000710487 
  1319,0.000709534 
  1320,0.000709534 
  1321,0.00070858 
  1322,0.00070858 
  1323,0.000707626 
  1324,0.000707626 
  1325,0.000706673 
  1326,0.000676155 
  1327,0.000676155 
  1328,0.000675201 
  1329,0.000675201 
  1330,0.000675201 
  1331,0.000674248 
  1332,0.000642776 
  1333,0.000673294 
  1334,0.000641823 
  1335,0.000641823 
  1336,0.000640869 
  1337,0.000640869 
  1338,0.000639915 
  1339,0.000639915 
  1340,0.000639915 
  1341,0.000638962 
  1342,0.000638962 
  1343,0.000638008 
  1344,0.000638008 
  1345,0.000638008 
  1346,0.000637054 
  1347,0.000637054 
  1348,0.000636101 
  1349,0.000636101 
  1350,0.000636101 
  1351,0.000635147 
  1352,0.000635147 
  1353,0.000634193 
  1354,0.000634193 
  1355,0.000634193 
  1356,0.00063324 
  1357,0.00063324 
  1358,0.000632286 
  1359,0.000632286 
  1360,0.000632286 
  1361,0.000631332 
  1362,0.000631332 
  1363,0.000631332 
  1364,0.000630379 
  1365,0.000630379 
  1366,0.000629425 
  1367,0.000629425 
  1368,0.000629425 
  1369,0.000628471 
  1370,0.000628471 
  1371,0.000627518 
  1372,0.000627518 
  1373,0.000627518 
  1374,0.000626564 
  1375,0.000626564 
  1376,0.000626564 
  1377,0.00062561 
  1378,0.00062561 
  1379,0.000624657 
  1380,0.000624657 
  1381,0.000624657 
  1382,0.000623703 
  1383,0.000623703 
  1384,0.000622749 
  1385,0.000622749 
  1386,0.000622749 
  1387,0.000621796 
  1388,0.000621796 
  1389,0.000621796 
  1390,0.000620842 
  1391,0.000620842 
  1392,0.000619888 
  1393,0.000619888 
  1394,0.000619888 
  1395,0.000618935 
  1396,0.000618935 
  1397,0.000618935 
  1398,0.000617981 
  1399,0.000617981 
  1400,0.000617027 
  1401,0.000617027 
  1402,0.000617027 
  1403,0.000616074 
  1404,0.000616074 
  1405,0.000584602 
  1406,0.000583649 
  1407,0.000583649 
  1408,0.000583649 
  1409,0.000582695 
  1410,0.000582695 
  1411,0.000582695 
  1412,0.000581741 
  1413,0.000581741 
  1414,0.000581741 
  1415,0.000580788 
  1416,0.000580788 
  1417,0.000580788 
  1418,0.000579834 
  1419,0.000579834 
  1420,0.000579834 
  1421,0.000579834 
  1422,0.00057888 
  1423,0.00057888 
  1424,0.00057888 
  1425,0.000577927 
  1426,0.000577927 
  1427,0.000577927 
  1428,0.000576973 
  1429,0.000576973 
  1430,0.000576973 
  1431,0.000576973 
  1432,0.000576019 
  1433,0.000576019 
  1434,0.000576019 
  1435,0.000575066 
  1436,0.000575066 
  1437,0.000575066 
  1438,0.000575066 
  1439,0.000574112 
  1440,0.000540733 
  1441,0.000574112 
  1442,0.000573158 
  1443,0.000573158 
  1444,0.000573158 
  1445,0.000572205 
  1446,0.000572205 
  1447,0.000572205 
  1448,0.000572205 
  1449,0.000571251 
  1450,0.000571251 
  1451,0.000571251 
  1452,0.000570297 
  1453,0.000570297 
  1454,0.000570297 
  1455,0.000570297 
  1456,0.000569344 
  1457,0.000569344 
  1458,0.000569344 
  1459,0.00056839 
  1460,0.00056839 
  1461,0.00056839 
  1462,0.00056839 
  1463,0.000567436 
  1464,0.000567436 
  1465,0.000567436 
  1466,0.000566483 
  1467,0.000566483 
  1468,0.000566483 
  1469,0.000566483 
  1470,0.000565529 
  1471,0.000565529 
  1472,0.000565529 
  1473,0.000564575 
  1474,0.000564575 
  1475,0.000564575 
  1476,0.000564575 
  1477,0.000563622 
  1478,0.000563622 
  1479,0.000563622 
  1480,0.000562668 
  1481,0.000562668 
  1482,0.000562668 
  1483,0.000562668 
  1484,0.000561714 
  1485,0.000561714 
  1486,0.000561714 
  1487,0.000561714 
  1488,0.00056076 
  1489,0.000528336 
  1490,0.000528336 
  1491,0.000528336 
  1492,0.000528336 
  1493,0.000527382 
  1494,0.000527382 
  1495,0.000527382 
  1496,0.000527382 
  1497,0.000526428 
  1498,0.000526428 
  1499,0.000526428 
  1500,0.000526428 
  1501,0.000525475 
  1502,0.000492096 
  1503,0.000525475 
  1504,0.000525475 
  1505,0.000491142 
  1506,0.000524521 
  1507,0.000524521 
  1508,0.000524521 
  1509,0.000524521 
  1510,0.000523567 
  1511,0.000523567 
  1512,0.000523567 
  1513,0.000523567 
  1514,0.000522614 
  1515,0.000522614 
  1516,0.000522614 
  1517,0.000522614 
  1518,0.000522614 
  1519,0.00052166 
  1520,0.00052166 
  1521,0.00052166 
  1522,0.00052166 
  1523,0.000520706 
  1524,0.000520706 
  1525,0.000520706 
  1526,0.000520706 
  1527,0.000520706 
  1528,0.000519753 
  1529,0.000519753 
  1530,0.000519753 
  1531,0.00048542 
  1532,0.00048542 
  1533,0.00048542 
  1534,0.00048542 
  1535,0.000449181 
  1536,0.000449181 
  1537,0.000449181 
  1538,0.000448227 
  1539,0.000448227 
  1540,0.000448227 
  1541,0.000448227 
  1542,0.000448227 
  1543,0.000448227 
  1544,0.000447273 
  1545,0.000447273 
  1546,0.000447273 
  1547,0.000447273 
  1548,0.000447273 
  1549,0.000447273 
  1550,0.00044632 
  1551,0.00044632 
  1552,0.00044632 
  1553,0.00044632 
  1554,0.00044632 
  1555,0.00044632 
  1556,0.000445366 
  1557,0.000445366 
  1558,0.000445366 
  1559,0.000445366 
  1560,0.000445366 
  1561,0.000445366 
  1562,0.000444412 
  1563,0.000444412 
  1564,0.000405312 
  1565,0.000405312 
  1566,0.000405312 
  1567,0.000405312 
  1568,0.000405312 
  1569,0.000405312 
  1570,0.000405312 
  1571,0.000405312 
  1572,0.000404358 
  1573,0.000404358 
  1574,0.000404358 
  1575,0.000404358 
  1576,0.000404358 
  1577,0.000404358 
  1578,0.000404358 
  1579,0.000404358 
  1580,0.000404358 
  1581,0.000403404 
  1582,0.000403404 
  1583,0.000403404 
  1584,0.000403404 
  1585,0.000403404 
  1586,0.000403404 
  1587,0.000403404 
  1588,0.000403404 
  1589,0.000402451 
  1590,0.000402451 
  1591,0.000402451 
  1592,0.000402451 
  1593,0.000402451 
  1594,0.000402451 
  1595,0.000402451 
  1596,0.000402451 
  1597,0.000402451 
  1598,0.000401497 
  1599,0.000401497 
  1600,0.000401497 
  1601,0.000401497 
  1602,0.000401497 
  1603,0.000401497 
  1604,0.000401497 
  1605,0.000401497 
  1606,0.000400543 
  1607,0.000400543 
  1608,0.000400543 
  1609,0.000400543 
  1610,0.000400543 
  1611,0.000400543 
  1612,0.000400543 
  1613,0.000400543 
  1614,0.000400543 
  1615,0.00039959 
  1616,0.00039959 
  1617,0.00039959 
  1618,0.00039959 
  1619,0.00039959 
  1620,0.00039959 
  1621,0.00039959 
  1622,0.00039959 
  1623,0.00039959 
  1624,0.000398636 
  1625,0.000398636 
  1626,0.000398636 
  1627,0.000398636 
  1628,0.000398636 
  1629,0.000398636 
  1630,0.000398636 
  1631,0.000398636 
  1632,0.000397682 
  1633,0.000397682 
  1634,0.000397682 
  1635,0.000397682 
  1636,0.000397682 
  1637,0.000397682 
  1638,0.000397682 
  1639,0.000397682 
  1640,0.000397682 
  1641,0.000396729 
  1642,0.000396729 
  1643,0.000396729 
  1644,0.000396729 
  1645,0.000396729 
  1646,0.000396729 
  1647,0.000396729 
  1648,0.000396729 
  1649,0.000396729 
  1650,0.000395775 
  1651,0.000395775 
  1652,0.000395775 
  1653,0.000395775 
  1654,0.000395775 
  1655,0.000395775 
  1656,0.000395775 
  1657,0.000395775 
  1658,0.000394821 
  1659,0.000394821 
  1660,0.000394821 
  1661,0.000394821 
  1662,0.000394821 
  1663,0.000394821 
  1664,0.000394821 
  1665,0.000394821 
  1666,0.000394821 
  1667,0.000393867 
  1668,0.000393867 
  1669,0.000393867 
  1670,0.000393867 
  1671,0.000393867 
  1672,0.000393867 
  1673,0.000393867 
  1674,0.000393867 
  1675,0.000393867 
  1676,0.000392914 
  1677,0.000392914 
  1678,0.000392914 
  1679,0.000392914 
  1680,0.000392914 
  1681,0.000392914 
  1682,0.000392914 
  1683,0.000392914 
  1684,0.000392914 
  1685,0.00039196 
  1686,0.00039196 
  1687,0.00039196 
  1688,0.00039196 
  1689,0.00039196 
  1690,0.00039196 
  1691,0.00039196 
  1692,0.00039196 
  1693,0.000391006 
  1694,0.000391006 
  1695,0.000391006 
  1696,0.000391006 
  1697,0.000391006 
  1698,0.000391006 
  1699,0.000391006 
  1700,0.000391006 
  1701,0.000391006 
  1702,0.000390053 
  1703,0.000390053 
  1704,0.000390053 
  1705,0.000390053 
  1706,0.000390053 
  1707,0.000390053 
  1708,0.000390053 
  1709,0.000390053 
  1710,0.000390053 
  1711,0.000389099 
  1712,0.000389099 
  1713,0.000389099 
  1714,0.000389099 
  1715,0.000389099 
  1716,0.000389099 
  1717,0.000389099 
  1718,0.000389099 
  1719,0.000389099 
  1720,0.000388145 
  1721,0.000388145 
  1722,0.000388145 
  1723,0.000388145 
  1724,0.000388145 
  1725,0.000388145 
  1726,0.000388145 
  1727,0.000388145 
  1728,0.000388145 
  1729,0.000387192 
  1730,0.000387192 
  1731,0.000387192 
  1732,0.000387192 
  1733,0.000387192 
  1734,0.000387192 
  1735,0.000387192 
  1736,0.000387192 
  1737,0.000387192 
  1738,0.000386238 
  1739,0.000386238 
  1740,0.000386238 
  1741,0.000386238 
  1742,0.000386238 
  1743,0.000386238 
  1744,0.000386238 
  1745,0.000386238 
  1746,0.000386238 
  1747,0.000385284 
  1748,0.000385284 
  1749,0.000385284 
  1750,0.000385284 
  1751,0.000385284 
  1752,0.000385284 
  1753,0.000385284 
  1754,0.000385284 
  1755,0.000385284 
  1756,0.000384331 
  1757,0.000384331 
  1758,0.000384331 
  1759,0.000384331 
  1760,0.000384331 
  1761,0.000384331 
  1762,0.000384331 
  1763,0.000384331 
  1764,0.000384331 
  1765,0.000383377 
  1766,0.000383377 
  1767,0.000383377 
  1768,0.000383377 
  1769,0.000383377 
  1770,0.000383377 
  1771,0.000383377 
  1772,0.000383377 
  1773,0.000383377 
  1774,0.000382423 
  1775,0.000382423 
  1776,0.000382423 
  1777,0.000382423 
  1778,0.000382423 
  1779,0.000382423 
  1780,0.000382423 
  1781,0.000382423 
  1782,0.000382423 
  1783,0.00038147 
  1784,0.00038147 
  1785,0.00038147 
  1786,0.00038147 
  1787,0.00038147 
  1788,0.00038147 
  1789,0.00038147 
  1790,0.00038147 
  1791,0.00038147 
  1792,0.000380516 
  1793,0.000380516 
  1794,0.000380516 
  1795,0.000380516 
  1796,0.000380516 
  1797,0.000380516 
  1798,0.000380516 
  1799,0.000380516 
  1800,0.000380516 
  1801,0.000379562 
  1802,0.000379562 
  1803,0.000379562 
  1804,0.000379562 
  1805,0.000379562 
  1806,0.000379562 
  1807,0.000379562 
  1808,0.000379562 
  1809,0.000379562 
  1810,0.000378609 
  1811,0.000378609 
  1812,0.000378609 
  1813,0.000378609 
  1814,0.000378609 
  1815,0.000378609 
  1816,0.000338554 
  1817,0.000338554 
  1818,0.000338554 
  1819,0.000338554 
  1820,0.000337601 
  1821,0.000337601 
  1822,0.000337601 
  1823,0.000337601 
  1824,0.000337601 
  1825,0.000337601 
  1826,0.000337601 
  1827,0.000337601 
  1828,0.000337601 
  1829,0.000337601 
  1830,0.000337601 
  1831,0.000337601 
  1832,0.000336647 
  1833,0.000336647 
  1834,0.000336647 
  1835,0.000336647 
  1836,0.000336647 
  1837,0.000336647 
  1838,0.000336647 
  1839,0.000336647 
  1840,0.000336647 
  1841,0.000336647 
  1842,0.000336647 
  1843,0.000336647 
  1844,0.000335693 
  1845,0.000335693 
  1846,0.000335693 
  1847,0.000335693 
  1848,0.000335693 
  1849,0.000335693 
  1850,0.000335693 
  1851,0.000335693 
  1852,0.000335693 
  1853,0.000335693 
  1854,0.000335693 
  1855,0.000335693 
  1856,0.00033474 
  1857,0.00033474 
  1858,0.00033474 
  1859,0.00033474 
  1860,0.00033474 
  1861,0.00033474 
  1862,0.00033474 
  1863,0.00033474 
  1864,0.00033474 
  1865,0.00033474 
  1866,0.00033474 
  1867,0.00033474 
  1868,0.000333786 
  1869,0.000333786 
  1870,0.000333786 
  1871,0.000333786 
  1872,0.000333786 
  1873,0.000333786 
  1874,0.000333786 
  1875,0.000333786 
  1876,0.000333786 
  1877,0.000333786 
  1878,0.000333786 
  1879,0.000333786 
  1880,0.000332832 
  1881,0.000332832 
  1882,0.000332832 
  1883,0.000332832 
  1884,0.000332832 
  1885,0.000332832 
  1886,0.000332832 
  1887,0.000332832 
  1888,0.000332832 
  1889,0.000332832 
  1890,0.000332832 
  1891,0.000332832 
  1892,0.000332832 
  1893,0.000331879 
  1894,0.000331879 
  1895,0.000331879 
  1896,0.000331879 
  1897,0.000331879 
  1898,0.000331879 
  1899,0.000331879 
  1900,0.000331879 
  1901,0.000331879 
  1902,0.000331879 
  1903,0.000331879 
  1904,0.000331879 
  1905,0.000330925 
  1906,0.000330925 
  1907,0.000330925 
  1908,0.000330925 
  1909,0.000330925 
  1910,0.000330925 
  1911,0.000330925 
  1912,0.000330925 
  1913,0.000330925 
  1914,0.000330925 
  1915,0.000330925 
  1916,0.000330925 
  1917,0.000329971 
  1918,0.000329971 
  1919,0.000329971 
  1920,0.000329971 
  1921,0.000329971 
  1922,0.000329971 
  1923,0.000329971 
  1924,0.000329971 
  1925,0.000329971 
  1926,0.000329971 
  1927,0.000329971 
  1928,0.000329971 
  1929,0.000329971 
  1930,0.000329018 
  1931,0.000329018 
  1932,0.000329018 
  1933,0.000329018 
  1934,0.000329018 
  1935,0.000329018 
  1936,0.000329018 
  1937,0.000329018 
  1938,0.000329018 
  1939,0.000329018 
  1940,0.000329018 
  1941,0.000329018 
  1942,0.000328064 
  1943,0.000328064 
  1944,0.000328064 
  1945,0.000328064 
  1946,0.000328064 
  1947,0.000328064 
  1948,0.000328064 
  1949,0.000328064 
  1950,0.000328064 
  1951,0.000328064 
  1952,0.000328064 
  1953,0.000328064 
  1954,0.000328064 
  1955,0.00032711 
  1956,0.00032711 
  1957,0.00032711 
  1958,0.00032711 
  1959,0.00032711 
  1960,0.00032711 
  1961,0.00032711 
  1962,0.00032711 
  1963,0.00032711 
  1964,0.00032711 
  1965,0.00032711 
  1966,0.00032711 
  1967,0.000326157 
  1968,0.000326157 
  1969,0.000326157 
  1970,0.000326157 
  1971,0.000326157 
  1972,0.000326157 
  1973,0.000326157 
  1974,0.000326157 
  1975,0.000326157 
  1976,0.000326157 
  1977,0.000326157 
  1978,0.000326157 
  1979,0.000326157 
  1980,0.000326157 
  1981,0.000325203 
  1982,0.000325203 
  1983,0.000325203 
  1984,0.000325203 
  1985,0.000325203 
  1986,0.000325203 
  1987,0.000325203 
  1988,0.000325203 
  1989,0.000325203 
  1990,0.000325203 
  1991,0.000325203 
  1992,0.000325203 
  1993,0.000325203 
  1994,0.000324249 
  1995,0.000324249 
  1996,0.000324249 
  1997,0.000324249 
  1998,0.000324249 
  1999,0.000324249 
  2000,0.000324249 
  2001,0.000324249 
  2002,0.000324249 
  2003,0.000324249 
  2004,0.000324249 
  2005,0.000324249 
  2006,0.000324249 
  2007,0.000324249 
  2008,0.000323296 
  2009,0.000323296 
  2010,0.000323296 
  2011,0.000323296 
  2012,0.000323296 
  2013,0.000323296 
  2014,0.000323296 
  2015,0.000323296 
  2016,0.000323296 
  2017,0.000323296 
  2018,0.000323296 
  2019,0.000323296 
  2020,0.000323296 
  2021,0.000323296 
  2022,0.000322342 
  2023,0.000322342 
  2024,0.000322342 
  2025,0.000322342 
  2026,0.000322342 
  2027,0.000322342 
  2028,0.000322342 
  2029,0.000322342 
  2030,0.000322342 
  2031,0.000322342 
  2032,0.000322342 
  2033,0.000322342 
  2034,0.000322342 
  2035,0.000322342 
  2036,0.000321388 
  2037,0.000321388 
  2038,0.000321388 
  2039,0.000321388 
  2040,0.000321388 
  2041,0.000321388 
  2042,0.000321388 
  2043,0.000321388 
  2044,0.000321388 
  2045,0.000321388 
  2046,0.000321388 
  2047,0.000321388 
  2048,0.000321388 
  2049,0.000321388 
  2050,0.000320435 
  2051,0.000320435 
  2052,0.000320435 
  2053,0.000320435 
  2054,0.000320435 
  2055,0.000320435 
  2056,0.000320435 
  2057,0.000320435 
  2058,0.000320435 
  2059,0.000320435 
  2060,0.000320435 
  2061,0.000320435 
  2062,0.000320435 
  2063,0.000320435 
  2064,0.000319481 
  2065,0.000319481 
  2066,0.000319481 
  2067,0.000319481 
  2068,0.000319481 
  2069,0.000319481 
  2070,0.000319481 
  2071,0.000319481 
  2072,0.000319481 
  2073,0.000319481 
  2074,0.000319481 
  2075,0.000319481 
  2076,0.000319481 
  2077,0.000319481 
  2078,0.000318527 
  2079,0.000318527 
  2080,0.000318527 
  2081,0.000318527 
  2082,0.000318527 
  2083,0.000318527 
  2084,0.000318527 
  2085,0.000318527 
  2086,0.000318527 
  2087,0.000318527 
  2088,0.000318527 
  2089,0.000318527 
  2090,0.000318527 
  2091,0.000318527 
  2092,0.000317574 
  2093,0.000317574 
  2094,0.000317574 
  2095,0.000317574 
  2096,0.000317574 
  2097,0.000317574 
  2098,0.000317574 
  2099,0.000317574 
  2100,0.000317574 
  2101,0.000317574 
  2102,0.000317574 
  2103,0.000317574 
  2104,0.000317574 
  2105,0.000317574 
  2106,0.00031662 
  2107,0.00031662 
  2108,0.00031662 
  2109,0.00031662 
  2110,0.00031662 
  2111,0.00031662 
  2112,0.00031662 
  2113,0.00031662 
  2114,0.00031662 
  2115,0.00031662 
  2116,0.00031662 
  2117,0.00031662 
  2118,0.00031662 
  2119,0.00031662 
  2120,0.000315666 
  2121,0.000315666 
  2122,0.000315666 
  2123,0.000315666 
  2124,0.000315666 
  2125,0.000315666 
  2126,0.000315666 
  2127,0.000315666 
  2128,0.000315666 
  2129,0.000315666 
  2130,0.000315666 
  2131,0.000315666 
  2132,0.000315666 
  2133,0.000315666 
  2134,0.000314713 
  2135,0.000314713 
  2136,0.000314713 
  2137,0.000314713 
  2138,0.000314713 
  2139,0.000314713 
  2140,0.000314713 
  2141,0.000314713 
  2142,0.000314713 
  2143,0.000314713 
  2144,0.000314713 
  2145,0.000314713 
  2146,0.000314713 
  2147,0.000314713 
  2148,0.000313759 
  2149,0.000313759 
  2150,0.000313759 
  2151,0.000313759 
  2152,0.000313759 
  2153,0.000313759 
  2154,0.000313759 
  2155,0.000313759 
  2156,0.000313759 
  2157,0.000313759 
  2158,0.000313759 
  2159,0.000313759 
  2160,0.000313759 
  2161,0.000313759 
  2162,0.000312805 
  2163,0.000312805 
  2164,0.000312805 
  2165,0.000312805 
  2166,0.000312805 
  2167,0.000312805 
  2168,0.000312805 
  2169,0.000312805 
  2170,0.000312805 
  2171,0.000312805 
  2172,0.000270844 
  2173,0.000270844 
  2174,0.000270844 
  2175,0.000270844 
  2176,0.000312805 
  2177,0.000311852 
  2178,0.00026989 
  2179,0.00026989 
  2180,0.00026989 
  2181,0.00026989 
  2182,0.00026989 
  2183,0.00026989 
  2184,0.00026989 
  2185,0.00026989 
  2186,0.00026989 
  2187,0.00026989 
  2188,0.00026989 
  2189,0.00026989 
  2190,0.00026989 
  2191,0.00026989 
  2192,0.00026989 
  2193,0.00026989 
  2194,0.00026989 
  2195,0.00026989 
  2196,0.000268936 
  2197,0.000268936 
  2198,0.000268936 
  2199,0.000268936 
  2200,0.000268936 
  2201,0.000268936 
  2202,0.000268936 
  2203,0.000268936 
  2204,0.000268936 
  2205,0.000268936 
  2206,0.000268936 
  2207,0.000268936 
  2208,0.000268936 
  2209,0.000268936 
  2210,0.000268936 
  2211,0.000268936 
  2212,0.000268936 
  2213,0.000267982 
  2214,0.000267982 
  2215,0.000267982 
  2216,0.000267982 
  2217,0.000267982 
  2218,0.000267982 
  2219,0.000267982 
  2220,0.000267982 
  2221,0.000267982 
  2222,0.000267982 
  2223,0.000267982 
  2224,0.000267982 
  2225,0.000267982 
  2226,0.000267982 
  2227,0.000267982 
  2228,0.000267982 
  2229,0.000267982 
  2230,0.000267982 
  2231,0.000267029 
  2232,0.000267029 
  2233,0.000267029 
  2234,0.000267029 
  2235,0.000267029 
  2236,0.000267029 
  2237,0.000267029 
  2238,0.000267029 
  2239,0.000267029 
  2240,0.000267029 
  2241,0.000267029 
  2242,0.000267029 
  2243,0.000267029 
  2244,0.000267029 
  2245,0.000267029 
  2246,0.000267029 
  2247,0.000267029 
  2248,0.000267029 
  2249,0.000266075 
  2250,0.000266075 
  2251,0.000266075 
  2252,0.000266075 
  2253,0.000266075 
  2254,0.000266075 
  2255,0.000266075 
  2256,0.000266075 
  2257,0.000266075 
  2258,0.000266075 
  2259,0.000266075 
  2260,0.000266075 
  2261,0.000266075 
  2262,0.000266075 
  2263,0.000266075 
  2264,0.000266075 
  2265,0.000266075 
  2266,0.000265121 
  2267,0.000265121 
  2268,0.000265121 
  2269,0.000265121 
  2270,0.000265121 
  2271,0.000265121 
  2272,0.000265121 
  2273,0.000265121 
  2274,0.000265121 
  2275,0.000265121 
  2276,0.000265121 
  2277,0.000265121 
  2278,0.000265121 
  2279,0.000265121 
  2280,0.000265121 
  2281,0.000265121 
  2282,0.000265121 
  2283,0.000265121 
  2284,0.000264168 
  2285,0.000264168 
  2286,0.000264168 
  2287,0.000264168 
  2288,0.000264168 
  2289,0.000264168 
  2290,0.000264168 
  2291,0.000264168 
  2292,0.000264168 
  2293,0.000264168 
  2294,0.000264168 
  2295,0.000264168 
  2296,0.000264168 
  2297,0.000264168 
  2298,0.000264168 
  2299,0.000264168 
  2300,0.000264168 
  2301,0.000264168 
  2302,0.000263214 
  2303,0.000263214 
  2304,0.000263214 
  2305,0.000263214 
  2306,0.000263214 
  2307,0.000263214 
  2308,0.000263214 
  2309,0.000263214 
  2310,0.000263214 
  2311,0.000263214 
  2312,0.000263214 
  2313,0.000263214 
  2314,0.000263214 
  2315,0.000263214 
  2316,0.000263214 
  2317,0.000263214 
  2318,0.000263214 
  2319,0.000263214 
  2320,0.00026226 
  2321,0.00026226 
  2322,0.00026226 
  2323,0.00026226 
  2324,0.00026226 
  2325,0.00026226 
  2326,0.00026226 
  2327,0.00026226 
  2328,0.00026226 
  2329,0.00026226 
  2330,0.00026226 
  2331,0.00026226 
  2332,0.00026226 
  2333,0.00026226 
  2334,0.00026226 
  2335,0.00026226 
  2336,0.00026226 
  2337,0.00026226 
  2338,0.000261307 
  2339,0.000261307 
  2340,0.000261307 
  2341,0.000261307 
  2342,0.000261307 
  2343,0.000261307 
  2344,0.000261307 
  2345,0.000261307 
  2346,0.000261307 
  2347,0.000261307 
  2348,0.000261307 
  2349,0.000261307 
  2350,0.000261307 
  2351,0.000261307 
  2352,0.000261307 
  2353,0.000261307 
  2354,0.000261307 
  2355,0.000261307 
  2356,0.000260353 
  2357,0.000260353 
  2358,0.000260353 
  2359,0.000260353 
  2360,0.000260353 
  2361,0.000260353 
  2362,0.000260353 
  2363,0.000260353 
  2364,0.000260353 
  2365,0.000260353 
  2366,0.000260353 
  2367,0.000260353 
  2368,0.000260353 
  2369,0.000260353 
  2370,0.000260353 
  2371,0.000260353 
  2372,0.000260353 
  2373,0.000260353 
  2374,0.000259399 
  2375,0.000259399 
  2376,0.000259399 
  2377,0.000259399 
  2378,0.000259399 
  2379,0.000259399 
  2380,0.000259399 
  2381,0.000259399 
  2382,0.000259399 
  2383,0.000259399 
  2384,0.000259399 
  2385,0.000259399 
  2386,0.000259399 
  2387,0.000259399 
  2388,0.000259399 
  2389,0.000259399 
  2390,0.000259399 
  2391,0.000259399 
  2392,0.000258446 
  2393,0.000258446 
  2394,0.000258446 
  2395,0.000258446 
  2396,0.000258446 
  2397,0.000258446 
  2398,0.000258446 
  2399,0.000258446 
  2400,0.000258446 
  2401,0.000258446 
  2402,0.000258446 
  2403,0.000258446 
  2404,0.000258446 
  2405,0.000258446 
  2406,0.000258446 
  2407,0.000258446 
  2408,0.000258446 
  2409,0.000258446 
  2410,0.000257492 
  2411,0.000257492 
  2412,0.000257492 
  2413,0.000257492 
  2414,0.000257492 
  2415,0.000257492 
  2416,0.000257492 
  2417,0.000257492 
  2418,0.000257492 
  2419,0.000257492 
  2420,0.000257492 
  2421,0.000257492 
  2422,0.000257492 
  2423,0.000257492 
  2424,0.000257492 
  2425,0.000257492 
  2426,0.000257492 
  2427,0.000257492 
  2428,0.000257492 
  2429,0.000256538 
  2430,0.000256538 
  2431,0.000256538 
  2432,0.000256538 
  2433,0.000256538 
  2434,0.000256538 
  2435,0.000256538 
  2436,0.000256538 
  2437,0.000256538 
  2438,0.000256538 
  2439,0.000256538 
  2440,0.000256538 
  2441,0.000256538 
  2442,0.000256538 
  2443,0.000256538 
  2444,0.000256538 
  2445,0.000256538 
  2446,0.000256538 
  2447,0.000256538 
  2448,0.000256538 
  2449,0.000256538 
  2450,0.000255585 
  2451,0.000255585 
  2452,0.000255585 
  2453,0.000255585 
  2454,0.000255585 
  2455,0.000255585 
  2456,0.000255585 
  2457,0.000255585 
  2458,0.000255585 
  2459,0.000255585 
  2460,0.000255585 
  2461,0.000255585 
  2462,0.000255585 
  2463,0.000255585 
  2464,0.000255585 
  2465,0.000255585 
  2466,0.000255585 
  2467,0.000255585 
  2468,0.000255585 
  2469,0.000255585 
  2470,0.000255585 
  2471,0.000254631 
  2472,0.000254631 
  2473,0.000254631 
  2474,0.000254631 
  2475,0.000254631 
  2476,0.000254631 
  2477,0.000254631 
  2478,0.000254631 
  2479,0.000254631 
  2480,0.000254631 
  2481,0.000254631 
  2482,0.000254631 
  2483,0.000254631 
  2484,0.000254631 
  2485,0.000254631 
  2486,0.000254631 
  2487,0.000254631 
  2488,0.000254631 
  2489,0.000254631 
  2490,0.000254631 
  2491,0.000254631 
  2492,0.000254631 
  2493,0.000253677 
  2494,0.000253677 
  2495,0.000253677 
  2496,0.000253677 
  2497,0.000253677 
  2498,0.000253677 
  2499,0.000253677 
  2500,0.000253677 
  2501,0.000253677 
  2502,0.000253677 
  2503,0.000253677 
  2504,0.000253677 
  2505,0.000253677 
  2506,0.000253677 
  2507,0.000253677 
  2508,0.000253677 
  2509,0.000253677 
  2510,0.000253677 
  2511,0.000253677 
  2512,0.000253677 
  2513,0.000253677 
  2514,0.000253677 
  2515,0.000252724 
  2516,0.000252724 
  2517,0.000252724 
  2518,0.000252724 
  2519,0.000252724 
  2520,0.000252724 
  2521,0.000252724 
  2522,0.000252724 
  2523,0.000252724 
  2524,0.000252724 
  2525,0.000252724 
  2526,0.000252724 
  2527,0.000252724 
  2528,0.000252724 
  2529,0.000252724 
  2530,0.000252724 
  2531,0.000252724 
  2532,0.000252724 
  2533,0.000252724 
  2534,0.000252724 
  2535,0.000252724 
  2536,0.000252724 
  2537,0.00025177 
  2538,0.00025177 
  2539,0.00025177 
  2540,0.00025177 
  2541,0.00025177 
  2542,0.00025177 
  2543,0.00025177 
  2544,0.00025177 
  2545,0.00025177 
  2546,0.00025177 
  2547,0.00025177 
  2548,0.00025177 
  2549,0.00025177 
  2550,0.00025177 
  2551,0.00025177 
  2552,0.00025177 
  2553,0.00025177 
  2554,0.00025177 
  2555,0.00025177 
  2556,0.00025177 
  2557,0.00025177 
  2558,0.00025177 
  2559,0.000250816 
  2560,0.000250816 
  2561,0.000250816 
  2562,0.000250816 
  2563,0.000250816 
  2564,0.000250816 
  2565,0.000250816 
  2566,0.000250816 
  2567,0.000250816 
  2568,0.000250816 
  2569,0.000250816 
  2570,0.000250816 
  2571,0.000250816 
  2572,0.000250816 
  2573,0.000250816 
  2574,0.000250816 
  2575,0.000250816 
  2576,0.000250816 
  2577,0.000250816 
  2578,0.000250816 
  2579,0.000250816 
  2580,0.000250816 
  2581,0.000249863 
  2582,0.000249863 
  2583,0.000249863 
  2584,0.000249863 
  2585,0.000249863 
  2586,0.000249863 
  2587,0.000249863 
  2588,0.000249863 
  2589,0.000249863 
  2590,0.000249863 
  2591,0.000249863 
  2592,0.000249863 
  2593,0.000249863 
  2594,0.000249863 
  2595,0.000249863 
  2596,0.000249863 
  2597,0.000249863 
  2598,0.000249863 
  2599,0.000249863 
  2600,0.000249863 
  2601,0.000249863 
  2602,0.000249863 
  2603,0.000249863 
  2604,0.000248909 
  2605,0.000248909 
  2606,0.000248909 
  2607,0.000248909 
  2608,0.000248909 
  2609,0.000248909 
  2610,0.000248909 
  2611,0.000248909 
  2612,0.000248909 
  2613,0.000248909 
  2614,0.000248909 
  2615,0.000248909 
  2616,0.000248909 
  2617,0.000248909 
  2618,0.000248909 
  2619,0.000248909 
  2620,0.000248909 
  2621,0.000248909 
  2622,0.000248909 
  2623,0.000248909 
  2624,0.000248909 
  2625,0.000248909 
  2626,0.000247955 
  2627,0.000247955 
  2628,0.000247955 
  2629,0.000247955 
  2630,0.000247955 
  2631,0.000247955 
  2632,0.000247955 
  2633,0.000247955 
  2634,0.000247955 
  2635,0.000247955 
  2636,0.000247955 
  2637,0.000247955 
  2638,0.000247955 
  2639,0.000247955 
  2640,0.000247955 
  2641,0.000247955 
  2642,0.000247955 
  2643,0.000247955 
  2644,0.000247955 
  2645,0.000247955 
  2646,0.000247955 
  2647,0.000247955 
  2648,0.000247955 
  2649,0.000247002 
  2650,0.000247002 
  2651,0.000247002 
  2652,0.000247002 
  2653,0.000247002 
  2654,0.000247002 
  2655,0.000247002 
  2656,0.000247002 
  2657,0.000247002 
  2658,0.000247002 
  2659,0.000247002 
  2660,0.000247002 
  2661,0.000247002 
  2662,0.000247002 
  2663,0.000247002 
  2664,0.000247002 
  2665,0.000247002 
  2666,0.000247002 
  2667,0.000247002 
  2668,0.000247002 
  2669,0.000247002 
  2670,0.000247002 
  2671,0.000247002 
  2672,0.000246048 
  2673,0.000246048 
  2674,0.000246048 
  2675,0.000246048 
  2676,0.000246048 
  2677,0.000246048 
  2678,0.000246048 
  2679,0.000246048 
  2680,0.000246048 
  2681,0.000246048 
  2682,0.000246048 
  2683,0.000201225 
  2684,0.000201225 
  2685,0.000201225 
  2686,0.000200272 
  2687,0.000200272 
  2688,0.000200272 
  2689,0.000200272 
  2690,0.000200272 
  2691,0.000200272 
  2692,0.000200272 
  2693,0.000200272 
  2694,0.000200272 
  2695,0.000200272 
  2696,0.000200272 
  2697,0.000200272 
  2698,0.000200272 
  2699,0.000200272 
  2700,0.000200272 
  2701,0.000200272 
  2702,0.000200272 
  2703,0.000200272 
  2704,0.000200272 
  2705,0.000200272 
  2706,0.000200272 
  2707,0.000200272 
  2708,0.000200272 
  2709,0.000200272 
  2710,0.000200272 
  2711,0.000200272 
  2712,0.000200272 
  2713,0.000200272 
  2714,0.000200272 
  2715,0.000200272 
  2716,0.000200272 
  2717,0.000200272 
  2718,0.000200272 
  2719,0.000200272 
  2720,0.000200272 
  2721,0.000199318 
  2722,0.000199318 
  2723,0.000199318 
  2724,0.000199318 
  2725,0.000199318 
  2726,0.000199318 
  2727,0.000199318 
  2728,0.000199318 
  2729,0.000199318 
  2730,0.000199318 
  2731,0.000199318 
  2732,0.000199318 
  2733,0.000199318 
  2734,0.000199318 
  2735,0.000199318 
  2736,0.000199318 
  2737,0.000199318 
  2738,0.000199318 
  2739,0.000199318 
  2740,0.000199318 
  2741,0.000199318 
  2742,0.000199318 
  2743,0.000199318 
  2744,0.000199318 
  2745,0.000199318 
  2746,0.000199318 
  2747,0.000199318 
  2748,0.000199318 
  2749,0.000199318 
  2750,0.000199318 
  2751,0.000199318 
  2752,0.000199318 
  2753,0.000199318 
  2754,0.000199318 
  2755,0.000199318 
  2756,0.000199318 
  2757,0.000199318 
  2758,0.000199318 
  2759,0.000199318 
  2760,0.000199318 
  2761,0.000198364 
  2762,0.000198364 
  2763,0.000198364 
  2764,0.000198364 
  2765,0.000198364 
  2766,0.000198364 
  2767,0.000198364 
  2768,0.000198364 
  2769,0.000198364 
  2770,0.000198364 
  2771,0.000198364 
  2772,0.000198364 
  2773,0.000198364 
  2774,0.000198364 
  2775,0.000198364 
  2776,0.000198364 
  2777,0.000198364 
  2778,0.000198364 
  2779,0.000198364 
  2780,0.000198364 
  2781,0.000198364 
  2782,0.000198364 
  2783,0.000198364 
  2784,0.000198364 
  2785,0.000198364 
  2786,0.000198364 
  2787,0.000198364 
  2788,0.000198364 
  2789,0.000198364 
  2790,0.000198364 
  2791,0.000198364 
  2792,0.000198364 
  2793,0.000198364 
  2794,0.000198364 
  2795,0.000198364 
  2796,0.000198364 
  2797,0.000198364 
  2798,0.000198364 
  2799,0.000198364 
  2800,0.000198364 
  2801,0.000198364 
  2802,0.000198364 
  2803,0.000197411 
  2804,0.000197411 
  2805,0.000197411 
  2806,0.000197411 
  2807,0.000197411 
  2808,0.000197411 
  2809,0.000197411 
  2810,0.000197411 
  2811,0.000197411 
  2812,0.000197411 
  2813,0.000197411 
  2814,0.000197411 
  2815,0.000197411 
  2816,0.000197411 
  2817,0.000197411 
  2818,0.000197411 
  2819,0.000197411 
  2820,0.000197411 
  2821,0.000197411 
  2822,0.000197411 
  2823,0.000197411 
  2824,0.000197411 
  2825,0.000197411 
  2826,0.000197411 
  2827,0.000197411 
  2828,0.000197411 
  2829,0.000197411 
  2830,0.000197411 
  2831,0.000197411 
  2832,0.000197411 
  2833,0.000197411 
  2834,0.000139236 
  2835,0.000139236 
  2836,0.000139236 
  2837,0.000139236 
  2838,0.000139236 
  2839,0.000139236 
  2840,0.000139236 
  2841,0.000139236 
  2842,0.000139236 
  2843,0.000139236 
  2844,0.000139236 
  2845,0.000139236 
  2846,0.000139236 
  2847,0.000139236 
  2848,0.000139236 
  2849,0.000139236 
  2850,0.000139236 
  2851,0.000139236 
  2852,0.000139236 
  2853,0.000139236 
  2854,0.000139236 
  2855,0.000139236 
  2856,0.000139236 
  2857,0.000139236 
  2858,0.000139236 
  2859,0.000139236 
  2860,0.000139236 
  2861,0.000139236 
  2862,0.000139236 
  2863,0.000139236 
  2864,0.000139236 
  2865,0.000139236 
  2866,0.000139236 
  2867,0.000139236 
  2868,0.000139236 
  2869,0.000139236 
  2870,0.000139236 
  2871,0.000139236 
  2872,0.000139236 
  2873,0.000139236 
  2874,0.000139236 
  2875,0.000139236 
  2876,0.000139236 
  2877,0.000139236 
  2878,0.000139236 
  2879,0.000139236 
  2880,0.000139236 
  2881,0.000139236 
  2882,0.000139236 
  2883,0.000139236 
  2884,0.000139236 
  2885,0.000139236 
  2886,0.000138283 
  2887,0.000138283 
  2888,0.000138283 
  2889,0.000138283 
  2890,0.000138283 
  2891,0.000138283 
  2892,0.000138283 
  2893,0.000138283 
  2894,0.000138283 
  2895,0.000138283 
  2896,0.000138283 
  2897,0.000138283 
  2898,0.000138283 
  2899,0.000138283 
  2900,0.000138283 
  2901,0.000138283 
  2902,0.000138283 
  2903,0.000138283 
  2904,0.000138283 
  2905,0.000138283 
  2906,0.000138283 
  2907,0.000138283 
  2908,0.000138283 
  2909,0.000138283 
  2910,0.000138283 
  2911,0.000138283 
  2912,0.000138283 
  2913,0.000138283 
  2914,0.000138283 
  2915,0.000138283 
  2916,0.000138283 
  2917,0.000138283 
  2918,0.000138283 
  2919,0.000138283 
  2920,0.000138283 
  2921,0.000138283 
  2922,0.000138283 
  2923,0.000138283 
  2924,0.000138283 
  2925,0.000138283 
  2926,0.000138283 
  2927,0.000138283 
  2928,0.000138283 
  2929,0.000138283 
  2930,0.000138283 
  2931,0.000138283 
  2932,0.000138283 
  2933,0.000138283 
  2934,0.000138283 
  2935,0.000138283 
  2936,0.000138283 
  2937,0.000138283 
  2938,0.000138283 
  2939,0.000138283 
  2940,0.000138283 
  2941,0.000138283 
  2942,0.000138283 
  2943,0.000138283 
  2944,0.000138283 
  2945,0.000138283 
  2946,0.000138283 
  2947,0.000138283 
  2948,0.000138283 
  2949,0.000138283 
  2950,0.000138283 
  2951,0.000138283 
  2952,0.000138283 
  2953,0.000138283 
  2954,0.000138283 
  2955,0.000138283 
  2956,0.000138283 
  2957,0.000138283 
  2958,0.000138283 
  2959,0.000138283 
  2960,0.000138283 
  2961,0.000138283 
  2962,0.000138283 
  2963,0.000138283 
  2964,0.000138283 
  2965,0.000138283 
  2966,0.000138283 
  2967,0.000138283 
  2968,0.000138283 
  2969,0.000138283 
  2970,0.000138283 
  2971,0.000138283 
  2972,0.000138283 
  2973,0.000138283 
  2974,0.000138283 
  2975,0.000138283 
  2976,0.000138283 
  2977,0.000138283 
  2978,0.000138283 
  2979,0.000138283 
  2980,0.000138283 
  2981,0.000138283 
  2982,0.000138283 
  2983,0.000138283 
  2984,0.000138283 
  2985,0.000137329 
  2986,0.000137329 
  2987,0.000137329 
  2988,0.000137329 
  2989,0.000137329 
  2990,0.000137329 
  2991,0.000137329 
  2992,0.000137329 
  2993,0.000137329 
  2994,0.000137329 
  2995,0.000137329 
  2996,0.000137329 
  2997,0.000137329 
  2998,0.000137329 
  2999,0.000137329 
  3000,0.000137329 
  3001,0.000137329 
  3002,0.000137329 
  3003,0.000137329 
  3004,0.000137329 
  3005,0.000137329 
  3006,0.000137329 
  3007,0.000137329 
  3008,0.000137329 
  3009,0.000137329 
  3010,0.000137329 
  3011,0.000137329 
  3012,0.000137329 
  3013,0.000137329 
  3014,0.000137329 
  3015,0.000137329 
  3016,0.000137329 
  3017,0.000137329 
  3018,0.000137329 
  3019,0.000137329 
  3020,0.000137329 
  3021,0.000137329 
  3022,0.000137329 
  3023,0.000137329 
  3024,0.000137329 
  3025,0.000137329 
  3026,0.000137329 
  3027,0.000137329 
  3028,0.000137329 
  3029,0.000137329 
  3030,0.000137329 
  3031,0.000137329 
  3032,0.000137329 
  3033,0.000137329 
  3034,0.000137329 
  3035,0.000137329 
  3036,0.000137329 
  3037,0.000137329 
  3038,0.000137329 
  3039,0.000137329 
  3040,0.000137329 
  3041,0.000137329 
  3042,0.000137329 
  3043,0.000137329 
  3044,0.000137329 
  3045,0.000137329 
  3046,0.000137329 
  3047,0.000137329 
  3048,0.000137329 
  3049,0.000137329 
  3050,0.000137329 
  3051,0.000137329 
  3052,0.000137329 
  3053,0.000137329 
  3054,0.000137329 
  3055,0.000137329 
  3056,0.000137329 
  3057,0.000137329 
  3058,0.000137329 
  3059,0.000137329 
  3060,0.000137329 
  3061,0.000137329 
  3062,0.000137329 
  3063,0.000137329 
  3064,0.000137329 
  3065,0.000137329 
  3066,0.000137329 
  3067,0.000137329 
  3068,0.000137329 
  3069,0.000137329 
  3070,0.000137329 
  3071,0.000137329 
  3072,0.000137329 
  3073,0.000137329 
  3074,0.000137329 
  3075,0.000137329 
  3076,0.000137329 
  3077,0.000137329 
  3078,0.000137329 
  3079,0.000137329 
  3080,0.000137329 
  3081,0.000137329 
  3082,0.000137329 
  3083,0.000137329 
  3084,0.000137329 
  3085,0.000137329 
  3086,0.000137329 
  3087,0.000137329 
  3088,0.000137329 
  3089,0.000137329 
  3090,0.000137329 
  3091,0.000137329 
  3092,0.000137329 
  3093,0.000137329 
  3094,0.000137329 
  3095,0.000137329 
  3096,0.000137329 
  3097,0.000137329 
  3098,0.000137329 
  3099,0.000137329 
  3100,0.000137329 
  3101,0.000137329 
  3102,0.000137329 
  3103,0.000137329 
  3104,0.000137329 
  3105,0.000137329 
  3106,0.000137329 
  3107,0.000137329 
  3108,0.000137329 
  3109,0.000137329 
  3110,0.000137329 
  3111,0.000137329 
  3112,0.000136375 
  3113,0.000136375 
  3114,0.000136375 
  3115,0.000136375 
  3116,0.000136375 
  3117,0.000136375 
  3118,0.000136375 
  3119,0.000136375 
  3120,0.000136375 
  3121,0.000136375 
  3122,0.000136375 
  3123,0.000136375 
  3124,0.000136375 
  3125,0.000136375 
  3126,0.000136375 
  3127,0.000136375 
  3128,0.000136375 
  3129,0.000136375 
  3130,0.000136375 
  3131,0.000136375 
  3132,0.000136375 
  3133,0.000136375 
  3134,0.000136375 
  3135,0.000136375 
  3136,0.000136375 
  3137,0.000136375 
  3138,0.000136375 
  3139,0.000136375 
  3140,0.000136375 
  3141,0.000136375 
  3142,0.000136375 
  3143,0.000136375 
  3144,0.000136375 
  3145,0.000136375 
  3146,0.000136375 
  3147,0.000136375 
  3148,0.000136375 
  3149,0.000136375 
  3150,0.000136375 
  3151,0.000136375 
  3152,0.000136375 
  3153,0.000136375 
  3154,0.000136375 
  3155,0.000136375 
  3156,0.000136375 
  3157,0.000136375 
  3158,0.000136375 
  3159,0.000136375 
  3160,0.000136375 
  3161,0.000136375 
  3162,0.000136375 
  3163,0.000136375 
  3164,0.000136375 
  3165,0.000136375 
  3166,0.000136375 
  3167,0.000136375 
  3168,0.000136375 
  3169,0.000136375 
  3170,0.000136375 
  3171,0.000136375 
  3172,0.000136375 
  3173,0.000136375 
  3174,0.000136375 
  3175,0.000136375 
  3176,0.000136375 
  3177,0.000136375 
  3178,0.000136375 
  3179,0.000136375 
  3180,0.000136375 
  3181,0.000136375 
  3182,0.000136375 
  3183,0.000136375 
  3184,0.000136375 
  3185,0.000136375 
  3186,0.000136375 
  3187,0.000136375 
  3188,0.000136375 
  3189,0.000136375 
  3190,0.000136375 
  3191,0.000136375 
  3192,0.000136375 
  3193,0.000136375 
  3194,0.000136375 
  3195,0.000136375 
  3196,0.000136375 
  3197,0.000136375 
  3198,0.000136375 
  3199,0.000136375 
  3200,0.000136375 
  3201,0.000136375 
  3202,0.000136375 
  3203,0.000136375 
  3204,0.000136375 
  3205,0.000136375 
  3206,0.000136375 
  3207,0.000136375 
  3208,0.000136375 
  3209,0.000136375 
  3210,0.000136375 
  3211,0.000136375 
  3212,0.000136375 
  3213,0.000136375 
  3214,0.000136375 
  3215,0.000136375 
  3216,0.000136375 
  3217,0.000136375 
  3218,0.000136375 
  3219,0.000136375 
  3220,0.000136375 
  3221,0.000136375 
  3222,0.000136375 
  3223,0.000136375 
  3224,0.000136375 
  3225,0.000136375 
  3226,0.000136375 
  3227,0.000136375 
