# iteration error 
  0,0.0897598 
  1,0.0625 
  2,0.0529861 
  3,0.046875 
  4,0.0427895 
  5,0.0398369 
  6,0.036644 
  7,0.0349388 
  8,0.0331459 
  9,0.0331459 
  10,0.03125 
  11,0.03125 
  12,0.03125 
  13,0.03125 
  14,0.029232 
  15,0.029232 
  16,0.029232 
  17,0.029232 
  18,0.029232 
  19,0.029232 
  20,0.029232 
  21,0.029232 
  22,0.029232 
  23,0.029232 
  24,0.029232 
  25,0.0270615 
  26,0.029232 
  27,0.029232 
  28,0.029232 
  29,0.029232 
  30,0.0270615 
  31,0.029232 
  32,0.0270615 
  33,0.0270615 
  34,0.029232 
  35,0.0270615 
  36,0.029232 
  37,0.0270615 
  38,0.0270615 
  39,0.0270615 
  40,0.0270615 
  41,0.0270615 
  42,0.0270615 
  43,0.0270615 
  44,0.0270615 
  45,0.0270615 
  46,0.0270615 
  47,0.0270615 
  48,0.0270615 
  49,0.0270615 
  50,0.0270615 
  51,0.0270615 
  52,0.0270615 
  53,0.0270615 
  54,0.0270615 
  55,0.0270615 
  56,0.0270615 
  57,0.0270615 
  58,0.0270615 
  59,0.0270615 
  60,0.0270615 
  61,0.0270615 
  62,0.0270615 
  63,0.0270615 
  64,0.0270615 
  65,0.0270615 
  66,0.0270615 
  67,0.0270615 
  68,0.0270615 
  69,0.0270615 
  70,0.0270615 
  71,0.0270615 
  72,0.0270615 
  73,0.0270615 
  74,0.0270615 
  75,0.0270615 
  76,0.0270615 
  77,0.0270615 
  78,0.0270615 
  79,0.0270615 
  80,0.0270615 
  81,0.0270615 
  82,0.0270615 
  83,0.0270615 
  84,0.0270615 
  85,0.0270615 
  86,0.0270615 
  87,0.0270615 
  88,0.0270615 
  89,0.0270615 
  90,0.0270615 
  91,0.0270615 
  92,0.0270615 
  93,0.0270615 
  94,0.0270615 
  95,0.0270615 
  96,0.0270615 
  97,0.0270615 
  98,0.0270615 
  99,0.0270615 
  100,0.0270615 
  101,0.0270615 
  102,0.0270615 
  103,0.0270615 
  104,0.0270615 
  105,0.0270615 
  106,0.0270615 
  107,0.0270615 
  108,0.0270615 
  109,0.0270615 
  110,0.0270615 
  111,0.0270615 
  112,0.0270615 
  113,0.0270615 
  114,0.0270615 
  115,0.0270615 
  116,0.0270615 
  117,0.0270615 
  118,0.0270615 
  119,0.0270615 
  120,0.0270615 
  121,0.0270615 
  122,0.0270615 
  123,0.0270615 
  124,0.0270615 
  125,0.0270615 
  126,0.0270615 
  127,0.0270615 
  128,0.0270615 
  129,0.0270615 
  130,0.0270615 
  131,0.0270615 
  132,0.0270615 
  133,0.0270615 
  134,0.0270615 
  135,0.0270615 
  136,0.0270615 
  137,0.0270615 
  138,0.0270615 
  139,0.0270615 
  140,0.0270615 
  141,0.0270615 
  142,0.0270615 
  143,0.0270615 
  144,0.0270615 
  145,0.0270615 
  146,0.0270615 
  147,0.0270615 
  148,0.0270615 
  149,0.0270615 
  150,0.0270615 
  151,0.0270615 
  152,0.0270615 
  153,0.0270615 
  154,0.0270615 
  155,0.0270615 
  156,0.0270615 
  157,0.0270615 
  158,0.0270615 
  159,0.0270615 
  160,0.0270615 
  161,0.0270615 
  162,0.0270615 
  163,0.0270615 
  164,0.0270615 
  165,0.0270615 
  166,0.0270615 
  167,0.0270615 
  168,0.0270615 
  169,0.0270615 
  170,0.0270615 
  171,0.0270615 
  172,0.0270615 
  173,0.0270615 
  174,0.0270615 
  175,0.0270615 
  176,0.0270615 
  177,0.0270615 
  178,0.0270615 
  179,0.0270615 
  180,0.0270615 
  181,0.0270615 
  182,0.0270615 
  183,0.0270615 
  184,0.0270615 
  185,0.0270615 
  186,0.0270615 
  187,0.0270615 
  188,0.0270615 
  189,0.0270615 
  190,0.0270615 
  191,0.0270615 
  192,0.0270615 
  193,0.0270615 
  194,0.0270615 
  195,0.0270615 
  196,0.0270615 
  197,0.0270615 
  198,0.0270615 
  199,0.0270615 
  200,0.0270615 
  201,0.0270615 
  202,0.0270615 
  203,0.0270615 
  204,0.0270615 
  205,0.0270615 
  206,0.0270615 
  207,0.0270615 
  208,0.0270615 
  209,0.0270615 
  210,0.0270615 
  211,0.0270615 
  212,0.0270615 
  213,0.0270615 
  214,0.0270615 
  215,0.0270615 
  216,0.0270615 
  217,0.0270615 
  218,0.0270615 
  219,0.0270615 
  220,0.0270615 
  221,0.0270615 
  222,0.0270615 
  223,0.0270615 
  224,0.0270615 
  225,0.0270615 
  226,0.0270615 
  227,0.0270615 
  228,0.0270615 
  229,0.0270615 
  230,0.0270615 
  231,0.0270615 
  232,0.0270615 
  233,0.0270615 
  234,0.0270615 
  235,0.0270615 
  236,0.0270615 
  237,0.0270615 
  238,0.0270615 
  239,0.0270615 
  240,0.0270615 
  241,0.0270615 
  242,0.0270615 
  243,0.0270615 
  244,0.0270615 
  245,0.0270615 
  246,0.0270615 
  247,0.0270615 
  248,0.0270615 
  249,0.0270615 
  250,0.0270615 
  251,0.0270615 
  252,0.0270615 
  253,0.0270615 
  254,0.0270615 
  255,0.0270615 
  256,0.0270615 
  257,0.0270615 
  258,0.0270615 
  259,0.0270615 
  260,0.0270615 
  261,0.0270615 
  262,0.0270615 
  263,0.0270615 
  264,0.0270615 
  265,0.0270615 
  266,0.0270615 
  267,0.0270615 
  268,0.0270615 
  269,0.0270615 
  270,0.0270615 
  271,0.0270615 
  272,0.0270615 
  273,0.0270615 
  274,0.0270615 
  275,0.0270615 
  276,0.0270615 
  277,0.0270615 
  278,0.0270615 
  279,0.0270615 
  280,0.0270615 
  281,0.0270615 
  282,0.0270615 
  283,0.0270615 
  284,0.0270615 
  285,0.0270615 
  286,0.0270615 
  287,0.0270615 
  288,0.0270615 
  289,0.0270615 
  290,0.0270615 
  291,0.0270615 
  292,0.0270615 
  293,0.0270615 
  294,0.0270615 
  295,0.0270615 
  296,0.0270615 
  297,0.0270615 
  298,0.0270615 
  299,0.0270615 
  300,0.0270615 
  301,0.0270615 
  302,0.0270615 
  303,0.0270615 
  304,0.0270615 
  305,0.0270615 
  306,0.0270615 
  307,0.0270615 
  308,0.0270615 
  309,0.0270615 
  310,0.0270615 
  311,0.0270615 
  312,0.0270615 
  313,0.0270615 
  314,0.0270615 
  315,0.0270615 
  316,0.0270615 
  317,0.0270615 
  318,0.0270615 
  319,0.0270615 
  320,0.0270615 
  321,0.0270615 
  322,0.0270615 
  323,0.0270615 
  324,0.0270615 
  325,0.0270615 
  326,0.0270615 
  327,0.0270615 
  328,0.0270615 
  329,0.0270615 
  330,0.0270615 
  331,0.0270615 
  332,0.0270615 
  333,0.0270615 
  334,0.0270615 
  335,0.0270615 
  336,0.0270615 
  337,0.0270615 
  338,0.0270615 
  339,0.0270615 
  340,0.0270615 
  341,0.0270615 
  342,0.0270615 
  343,0.0270615 
  344,0.0270615 
  345,0.0270615 
  346,0.0270615 
  347,0.0270615 
  348,0.0270615 
  349,0.0270615 
  350,0.0270615 
  351,0.0270615 
  352,0.0270615 
  353,0.0270615 
  354,0.0270615 
  355,0.0270615 
  356,0.0270615 
  357,0.0270615 
  358,0.0270615 
  359,0.0270615 
  360,0.0270615 
  361,0.0270615 
  362,0.0270615 
  363,0.0270615 
  364,0.0270615 
  365,0.0270615 
  366,0.0270615 
  367,0.0270615 
  368,0.0270615 
  369,0.0270615 
  370,0.0270615 
  371,0.0270615 
  372,0.0270615 
  373,0.0270615 
  374,0.0270615 
  375,0.0270615 
  376,0.0270615 
  377,0.0270615 
  378,0.0270615 
  379,0.0270615 
  380,0.0270615 
  381,0.0270615 
  382,0.0270615 
  383,0.029232 
  384,0.0270615 
  385,0.0270615 
  386,0.0270615 
  387,0.0270615 
  388,0.0270615 
  389,0.0270615 
  390,0.0270615 
  391,0.0270615 
  392,0.0270615 
  393,0.0270615 
  394,0.0270615 
  395,0.0270615 
  396,0.0270615 
  397,0.0270615 
  398,0.0270615 
  399,0.0270615 
  400,0.0270615 
  401,0.0270615 
  402,0.0270615 
  403,0.0270615 
  404,0.0270615 
  405,0.0270615 
  406,0.0270615 
  407,0.0270615 
  408,0.0270615 
  409,0.0270615 
  410,0.0270615 
  411,0.0270615 
  412,0.0270615 
  413,0.0270615 
  414,0.0270615 
  415,0.0270615 
  416,0.0270615 
  417,0.0270615 
  418,0.0270615 
  419,0.0270615 
  420,0.0270615 
  421,0.0270615 
  422,0.0270615 
  423,0.0270615 
  424,0.0270615 
  425,0.0270615 
  426,0.0270615 
  427,0.0270615 
  428,0.0270615 
  429,0.0270615 
  430,0.0270615 
  431,0.0270615 
  432,0.0270615 
  433,0.0270615 
  434,0.0270615 
  435,0.0270615 
  436,0.0270615 
  437,0.0270615 
  438,0.0270615 
  439,0.0270615 
  440,0.0270615 
  441,0.0270615 
  442,0.0270615 
  443,0.0270615 
  444,0.0270615 
  445,0.0270615 
  446,0.0270615 
  447,0.0270615 
  448,0.0270615 
  449,0.0270615 
  450,0.0270615 
  451,0.0270615 
  452,0.0270615 
  453,0.0270615 
  454,0.0270615 
  455,0.0270615 
  456,0.0270615 
  457,0.0270615 
  458,0.0270615 
  459,0.0270615 
  460,0.0270615 
  461,0.0270615 
  462,0.0270615 
  463,0.0270615 
  464,0.0270615 
  465,0.0270615 
  466,0.0270615 
  467,0.0270615 
  468,0.0270615 
  469,0.0270615 
  470,0.0270615 
  471,0.0270615 
  472,0.0270615 
  473,0.0270615 
  474,0.0270615 
  475,0.0270615 
  476,0.0270615 
  477,0.0270615 
  478,0.0270615 
  479,0.0270615 
  480,0.0270615 
  481,0.0270615 
  482,0.0270615 
  483,0.0270615 
  484,0.0270615 
  485,0.0270615 
  486,0.0270615 
  487,0.0270615 
  488,0.0270615 
  489,0.0270615 
  490,0.0270615 
  491,0.0270615 
  492,0.0270615 
  493,0.0270615 
  494,0.0270615 
  495,0.0270615 
  496,0.0270615 
  497,0.0270615 
  498,0.0270615 
  499,0.0270615 
  500,0.0270615 
  501,0.0270615 
  502,0.0270615 
  503,0.0270615 
  504,0.0270615 
  505,0.0270615 
  506,0.0270615 
  507,0.0270615 
  508,0.0270615 
  509,0.0270615 
  510,0.0270615 
  511,0.0270615 
  512,0.0270615 
  513,0.0270615 
  514,0.0270615 
  515,0.0270615 
  516,0.0270615 
  517,0.0270615 
  518,0.0270615 
  519,0.0270615 
  520,0.0270615 
  521,0.0270615 
  522,0.0270615 
  523,0.0270615 
  524,0.0270615 
  525,0.0270615 
  526,0.0270615 
  527,0.0270615 
  528,0.0270615 
  529,0.0270615 
  530,0.0270615 
  531,0.0270615 
  532,0.0270615 
  533,0.0270615 
  534,0.0270615 
  535,0.0270615 
  536,0.0270615 
  537,0.0270615 
  538,0.0270615 
  539,0.0270615 
  540,0.0270615 
  541,0.0270615 
  542,0.0270615 
  543,0.0270615 
  544,0.0270615 
  545,0.0270615 
  546,0.0270615 
  547,0.0270615 
  548,0.0270615 
  549,0.0270615 
  550,0.0270615 
  551,0.0270615 
  552,0.0270615 
  553,0.0270615 
  554,0.0270615 
  555,0.0270615 
  556,0.0270615 
  557,0.0270615 
  558,0.0270615 
  559,0.0270615 
  560,0.0270615 
  561,0.0270615 
  562,0.0270615 
  563,0.0270615 
  564,0.0270615 
  565,0.0270615 
  566,0.0270615 
  567,0.0270615 
  568,0.0270615 
  569,0.0270615 
  570,0.0270615 
  571,0.0270615 
  572,0.0270615 
  573,0.0270615 
  574,0.0270615 
  575,0.0270615 
  576,0.0270615 
  577,0.0270615 
  578,0.0270615 
  579,0.0270615 
  580,0.0270615 
  581,0.0270615 
  582,0.0270615 
  583,0.0270615 
  584,0.0270615 
  585,0.0270615 
  586,0.0270615 
  587,0.0270615 
  588,0.0270615 
  589,0.0270615 
  590,0.0270615 
  591,0.0270615 
  592,0.0270615 
  593,0.0270615 
  594,0.0270615 
  595,0.0270615 
  596,0.0270615 
  597,0.0270615 
  598,0.0270615 
  599,0.0270615 
  600,0.0270615 
  601,0.0270615 
  602,0.0270615 
  603,0.0270615 
  604,0.0270615 
  605,0.0270615 
  606,0.0270615 
  607,0.0270615 
  608,0.0270615 
  609,0.0270615 
  610,0.0270615 
  611,0.0270615 
  612,0.0270615 
  613,0.0270615 
  614,0.0270615 
  615,0.0270615 
  616,0.0270615 
  617,0.0270615 
  618,0.0270615 
  619,0.0270615 
  620,0.0270615 
  621,0.0270615 
  622,0.0270615 
  623,0.0270615 
  624,0.0270615 
  625,0.0270615 
  626,0.0270615 
  627,0.0270615 
  628,0.0270615 
  629,0.0270615 
  630,0.0270615 
  631,0.0270615 
  632,0.0270615 
  633,0.0270615 
  634,0.0270615 
  635,0.0270615 
  636,0.0270615 
  637,0.0270615 
  638,0.0270615 
  639,0.0270615 
  640,0.0270615 
  641,0.0270615 
  642,0.0270615 
  643,0.0270615 
  644,0.0270615 
  645,0.0270615 
  646,0.0270615 
  647,0.0270615 
  648,0.0270615 
  649,0.0270615 
  650,0.0270615 
  651,0.0270615 
  652,0.0270615 
  653,0.0270615 
  654,0.0270615 
  655,0.0270615 
  656,0.0270615 
  657,0.0270615 
  658,0.0270615 
  659,0.0270615 
  660,0.0270615 
  661,0.0270615 
  662,0.0270615 
  663,0.0270615 
  664,0.0270615 
  665,0.0270615 
  666,0.0270615 
  667,0.0270615 
  668,0.0270615 
  669,0.0270615 
  670,0.0270615 
  671,0.0270615 
  672,0.0270615 
  673,0.0270615 
  674,0.0270615 
  675,0.0270615 
  676,0.0270615 
  677,0.0270615 
  678,0.0270615 
  679,0.0270615 
  680,0.0270615 
  681,0.0270615 
  682,0.0270615 
  683,0.0270615 
  684,0.0270615 
  685,0.0270615 
  686,0.0270615 
  687,0.0270615 
  688,0.0270615 
  689,0.0270615 
  690,0.0270615 
  691,0.0270615 
  692,0.0270615 
  693,0.0270615 
  694,0.0270615 
  695,0.0270615 
  696,0.0270615 
  697,0.0270615 
  698,0.0270615 
  699,0.0270615 
  700,0.0270615 
  701,0.0270615 
  702,0.0270615 
  703,0.0270615 
  704,0.0270615 
  705,0.0270615 
  706,0.0270615 
  707,0.0270615 
  708,0.0270615 
  709,0.0270615 
  710,0.0270615 
  711,0.0270615 
  712,0.0270615 
  713,0.0270615 
  714,0.0270615 
  715,0.0270615 
  716,0.0270615 
  717,0.0270615 
  718,0.0270615 
  719,0.0270615 
  720,0.0270615 
  721,0.0270615 
  722,0.0270615 
  723,0.0270615 
  724,0.0270615 
  725,0.0270615 
  726,0.0270615 
  727,0.0270615 
  728,0.0270615 
  729,0.0270615 
  730,0.0270615 
  731,0.0270615 
  732,0.0270615 
  733,0.0270615 
  734,0.0270615 
  735,0.0270615 
  736,0.0270615 
  737,0.0270615 
  738,0.0270615 
  739,0.0270615 
  740,0.0270615 
  741,0.0270615 
  742,0.0270615 
  743,0.0270615 
  744,0.0270615 
  745,0.0270615 
  746,0.0270615 
  747,0.0270615 
  748,0.0270615 
  749,0.0270615 
  750,0.0270615 
  751,0.0270615 
  752,0.0270615 
  753,0.0270615 
  754,0.0270615 
  755,0.0270615 
  756,0.0270615 
  757,0.0270615 
  758,0.0270615 
  759,0.0270615 
  760,0.0270615 
  761,0.0270615 
  762,0.0270615 
  763,0.0270615 
  764,0.0270615 
  765,0.0270615 
  766,0.0270615 
  767,0.0270615 
  768,0.0270615 
  769,0.0270615 
  770,0.0270615 
  771,0.0270615 
  772,0.0270615 
  773,0.0270615 
  774,0.0270615 
  775,0.0270615 
  776,0.0270615 
  777,0.0270615 
  778,0.0270615 
  779,0.0270615 
  780,0.0270615 
  781,0.0270615 
  782,0.0270615 
  783,0.0270615 
  784,0.0270615 
  785,0.0270615 
  786,0.0270615 
  787,0.0270615 
  788,0.0270615 
  789,0.0270615 
  790,0.0270615 
  791,0.0270615 
  792,0.0270615 
  793,0.0270615 
  794,0.0270615 
  795,0.0270615 
  796,0.0270615 
  797,0.0270615 
  798,0.0270615 
  799,0.0270615 
  800,0.0270615 
  801,0.0270615 
  802,0.0270615 
  803,0.0270615 
  804,0.0270615 
  805,0.0270615 
  806,0.0270615 
  807,0.0270615 
  808,0.0270615 
  809,0.0270615 
  810,0.0270615 
  811,0.0270615 
  812,0.0270615 
  813,0.0270615 
  814,0.0270615 
  815,0.0270615 
  816,0.0270615 
  817,0.0270615 
  818,0.0270615 
  819,0.0270615 
  820,0.0270615 
  821,0.0270615 
  822,0.0270615 
  823,0.0270615 
  824,0.0270615 
  825,0.0270615 
  826,0.0270615 
  827,0.0270615 
  828,0.0270615 
  829,0.0270615 
  830,0.0270615 
  831,0.0270615 
  832,0.0270615 
  833,0.0270615 
  834,0.0270615 
  835,0.0270615 
  836,0.0270615 
  837,0.0270615 
  838,0.0270615 
  839,0.0270615 
  840,0.0270615 
  841,0.0270615 
  842,0.0270615 
  843,0.0270615 
  844,0.0270615 
  845,0.0270615 
  846,0.0270615 
  847,0.0270615 
  848,0.0270615 
  849,0.0270615 
  850,0.0270615 
  851,0.0270615 
  852,0.0270615 
  853,0.0270615 
  854,0.0270615 
  855,0.0270615 
  856,0.0270615 
  857,0.0270615 
  858,0.0270615 
  859,0.0270615 
  860,0.0270615 
  861,0.0270615 
  862,0.0270615 
  863,0.0270615 
  864,0.0270615 
  865,0.0270615 
  866,0.0270615 
  867,0.0270615 
  868,0.0270615 
  869,0.0270615 
  870,0.0270615 
  871,0.0270615 
  872,0.0270615 
  873,0.0270615 
  874,0.0270615 
  875,0.0270615 
  876,0.0270615 
  877,0.0270615 
  878,0.0270615 
  879,0.0270615 
  880,0.0270615 
  881,0.0270615 
  882,0.0270615 
  883,0.0270615 
  884,0.0270615 
  885,0.0270615 
  886,0.0270615 
  887,0.0270615 
  888,0.0270615 
  889,0.0270615 
  890,0.0270615 
  891,0.0270615 
  892,0.0270615 
  893,0.0270615 
  894,0.0270615 
  895,0.0270615 
  896,0.0270615 
  897,0.0270615 
  898,0.0270615 
  899,0.0270615 
  900,0.0270615 
  901,0.0270615 
  902,0.0270615 
  903,0.0270615 
  904,0.0270615 
  905,0.0270615 
  906,0.0270615 
  907,0.0270615 
  908,0.0270615 
  909,0.0270615 
  910,0.0270615 
  911,0.0270615 
  912,0.0270615 
  913,0.0270615 
  914,0.0270615 
  915,0.0270615 
  916,0.0270615 
  917,0.0270615 
  918,0.0270615 
  919,0.0270615 
  920,0.0270615 
  921,0.0270615 
  922,0.0270615 
  923,0.0270615 
  924,0.0270615 
  925,0.0270615 
  926,0.0270615 
  927,0.0270615 
  928,0.0270615 
  929,0.0270615 
  930,0.0270615 
  931,0.0270615 
  932,0.0270615 
  933,0.0270615 
  934,0.0270615 
  935,0.0270615 
  936,0.0270615 
  937,0.0270615 
  938,0.0270615 
  939,0.0270615 
  940,0.0270615 
  941,0.0270615 
  942,0.0270615 
  943,0.0270615 
  944,0.0270615 
  945,0.0270615 
  946,0.0270615 
  947,0.0270615 
  948,0.0270615 
  949,0.0270615 
  950,0.0270615 
  951,0.0270615 
  952,0.0270615 
  953,0.0270615 
  954,0.0270615 
  955,0.0270615 
  956,0.0270615 
  957,0.0270615 
  958,0.0270615 
  959,0.0270615 
  960,0.0270615 
  961,0.0270615 
  962,0.0270615 
  963,0.0270615 
  964,0.0270615 
  965,0.0270615 
  966,0.0270615 
  967,0.0270615 
  968,0.0270615 
  969,0.0270615 
  970,0.0270615 
  971,0.0270615 
  972,0.0270615 
  973,0.0270615 
  974,0.0270615 
  975,0.0270615 
  976,0.0270615 
  977,0.0270615 
  978,0.0270615 
  979,0.0270615 
  980,0.0270615 
  981,0.0270615 
  982,0.0270615 
  983,0.0270615 
  984,0.0270615 
  985,0.0270615 
  986,0.0270615 
  987,0.0270615 
  988,0.0270615 
  989,0.0270615 
  990,0.0270615 
  991,0.0270615 
  992,0.0270615 
  993,0.0270615 
  994,0.0270615 
  995,0.0270615 
  996,0.0270615 
  997,0.0270615 
  998,0.0270615 
  999,0.0270615 
  1000,0.0270615 
  1001,0.0270615 
  1002,0.0270615 
  1003,0.0270615 
  1004,0.0270615 
  1005,0.0270615 
  1006,0.0270615 
  1007,0.0270615 
  1008,0.0270615 
  1009,0.0270615 
  1010,0.0270615 
  1011,0.0270615 
  1012,0.0270615 
  1013,0.0270615 
  1014,0.0270615 
  1015,0.0270615 
  1016,0.0270615 
  1017,0.0270615 
  1018,0.0270615 
  1019,0.0270615 
  1020,0.0270615 
  1021,0.0270615 
  1022,0.0270615 
  1023,0.0270615 
  1024,0.0270615 
  1025,0.0270615 
  1026,0.0270615 
  1027,0.0270615 
  1028,0.0270615 
  1029,0.0270615 
  1030,0.0270615 
  1031,0.0270615 
  1032,0.0270615 
  1033,0.0270615 
  1034,0.0270615 
  1035,0.0270615 
  1036,0.0270615 
  1037,0.0270615 
  1038,0.0270615 
  1039,0.0270615 
  1040,0.0270615 
  1041,0.0270615 
  1042,0.0270615 
  1043,0.0270615 
  1044,0.0270615 
  1045,0.0270615 
  1046,0.0270615 
  1047,0.0270615 
  1048,0.0270615 
  1049,0.0270615 
  1050,0.0270615 
  1051,0.0270615 
  1052,0.0270615 
  1053,0.0270615 
  1054,0.0270615 
  1055,0.0270615 
  1056,0.0270615 
  1057,0.0270615 
  1058,0.0270615 
  1059,0.0270615 
  1060,0.0270615 
  1061,0.0270615 
  1062,0.0270615 
  1063,0.0270615 
  1064,0.0270615 
  1065,0.0270615 
  1066,0.0270615 
  1067,0.0270615 
  1068,0.0270615 
  1069,0.0270615 
  1070,0.0270615 
  1071,0.0270615 
  1072,0.0270615 
  1073,0.0270615 
  1074,0.0270615 
  1075,0.0270615 
  1076,0.0270615 
  1077,0.0270615 
  1078,0.0270615 
  1079,0.0270615 
  1080,0.0270615 
  1081,0.0270615 
  1082,0.0270615 
  1083,0.0270615 
  1084,0.0270615 
  1085,0.0270615 
  1086,0.0270615 
  1087,0.0270615 
  1088,0.0270615 
  1089,0.0270615 
  1090,0.0270615 
  1091,0.0270615 
  1092,0.0270615 
  1093,0.0270615 
  1094,0.0270615 
  1095,0.0270615 
  1096,0.0270615 
  1097,0.0270615 
  1098,0.0270615 
  1099,0.0270615 
  1100,0.0270615 
  1101,0.0270615 
  1102,0.0270615 
  1103,0.0270615 
  1104,0.0270615 
  1105,0.0270615 
  1106,0.0270615 
  1107,0.0270615 
  1108,0.0270615 
  1109,0.0270615 
  1110,0.0270615 
  1111,0.0270615 
  1112,0.0270615 
  1113,0.0270615 
  1114,0.0270615 
  1115,0.0270615 
  1116,0.0270615 
  1117,0.0270615 
  1118,0.0270615 
  1119,0.0270615 
  1120,0.0270615 
  1121,0.0270615 
  1122,0.0270615 
  1123,0.0270615 
  1124,0.0270615 
  1125,0.0270615 
  1126,0.0270615 
  1127,0.0270615 
  1128,0.0270615 
  1129,0.0270615 
  1130,0.0270615 
  1131,0.0270615 
  1132,0.0270615 
  1133,0.0270615 
  1134,0.0270615 
  1135,0.0270615 
  1136,0.0270615 
  1137,0.0270615 
  1138,0.0270615 
  1139,0.0270615 
  1140,0.0270615 
  1141,0.0270615 
  1142,0.0270615 
  1143,0.0270615 
  1144,0.0270615 
  1145,0.0270615 
  1146,0.0270615 
  1147,0.0270615 
  1148,0.0270615 
  1149,0.0270615 
  1150,0.0270615 
  1151,0.0270615 
  1152,0.0270615 
  1153,0.0270615 
  1154,0.0270615 
  1155,0.0270615 
  1156,0.024704 
  1157,0.024704 
  1158,0.024704 
  1159,0.0270615 
  1160,0.0270615 
  1161,0.024704 
  1162,0.024704 
  1163,0.024704 
  1164,0.024704 
  1165,0.024704 
  1166,0.024704 
  1167,0.024704 
  1168,0.024704 
  1169,0.024704 
  1170,0.024704 
  1171,0.024704 
  1172,0.024704 
  1173,0.024704 
  1174,0.024704 
  1175,0.024704 
  1176,0.024704 
  1177,0.024704 
  1178,0.024704 
  1179,0.024704 
  1180,0.024704 
  1181,0.024704 
  1182,0.024704 
  1183,0.024704 
  1184,0.024704 
  1185,0.024704 
  1186,0.024704 
  1187,0.024704 
  1188,0.024704 
  1189,0.024704 
  1190,0.024704 
  1191,0.024704 
  1192,0.024704 
  1193,0.024704 
  1194,0.024704 
  1195,0.024704 
  1196,0.024704 
  1197,0.0270615 
  1198,0.024704 
  1199,0.024704 
  1200,0.024704 
  1201,0.024704 
  1202,0.024704 
  1203,0.024704 
  1204,0.024704 
  1205,0.024704 
  1206,0.024704 
  1207,0.024704 
  1208,0.024704 
  1209,0.024704 
  1210,0.024704 
  1211,0.024704 
  1212,0.024704 
  1213,0.024704 
  1214,0.024704 
  1215,0.0270615 
  1216,0.024704 
  1217,0.024704 
  1218,0.024704 
  1219,0.024704 
  1220,0.024704 
  1221,0.024704 
  1222,0.024704 
  1223,0.024704 
  1224,0.024704 
  1225,0.024704 
  1226,0.024704 
  1227,0.024704 
  1228,0.024704 
  1229,0.024704 
  1230,0.024704 
  1231,0.024704 
  1232,0.024704 
  1233,0.024704 
  1234,0.024704 
  1235,0.024704 
  1236,0.024704 
  1237,0.024704 
  1238,0.024704 
  1239,0.024704 
  1240,0.024704 
  1241,0.024704 
  1242,0.024704 
  1243,0.024704 
  1244,0.024704 
  1245,0.024704 
  1246,0.024704 
  1247,0.024704 
  1248,0.024704 
  1249,0.024704 
  1250,0.024704 
  1251,0.024704 
  1252,0.024704 
  1253,0.024704 
  1254,0.0270615 
  1255,0.024704 
  1256,0.024704 
  1257,0.024704 
  1258,0.024704 
  1259,0.024704 
  1260,0.024704 
  1261,0.024704 
  1262,0.0270615 
  1263,0.024704 
  1264,0.024704 
  1265,0.024704 
  1266,0.024704 
  1267,0.024704 
  1268,0.024704 
  1269,0.024704 
  1270,0.024704 
  1271,0.024704 
  1272,0.024704 
  1273,0.024704 
  1274,0.024704 
  1275,0.024704 
  1276,0.024704 
  1277,0.024704 
  1278,0.024704 
  1279,0.024704 
  1280,0.024704 
  1281,0.024704 
  1282,0.024704 
  1283,0.024704 
  1284,0.024704 
  1285,0.024704 
  1286,0.024704 
  1287,0.024704 
  1288,0.024704 
  1289,0.024704 
  1290,0.024704 
  1291,0.024704 
  1292,0.024704 
  1293,0.024704 
  1294,0.024704 
  1295,0.024704 
  1296,0.024704 
  1297,0.024704 
  1298,0.024704 
  1299,0.024704 
  1300,0.024704 
  1301,0.024704 
  1302,0.024704 
  1303,0.024704 
  1304,0.024704 
  1305,0.024704 
  1306,0.024704 
  1307,0.024704 
  1308,0.024704 
  1309,0.024704 
  1310,0.024704 
  1311,0.024704 
  1312,0.024704 
  1313,0.024704 
  1314,0.024704 
  1315,0.024704 
  1316,0.024704 
  1317,0.024704 
  1318,0.024704 
  1319,0.024704 
  1320,0.024704 
  1321,0.024704 
  1322,0.024704 
  1323,0.024704 
  1324,0.024704 
  1325,0.024704 
  1326,0.024704 
  1327,0.024704 
  1328,0.024704 
  1329,0.024704 
  1330,0.024704 
  1331,0.024704 
  1332,0.024704 
  1333,0.024704 
  1334,0.024704 
  1335,0.024704 
  1336,0.024704 
  1337,0.024704 
  1338,0.024704 
  1339,0.024704 
  1340,0.024704 
  1341,0.024704 
  1342,0.024704 
  1343,0.024704 
  1344,0.024704 
  1345,0.024704 
  1346,0.024704 
  1347,0.024704 
  1348,0.024704 
  1349,0.024704 
  1350,0.024704 
  1351,0.024704 
  1352,0.024704 
  1353,0.024704 
  1354,0.024704 
  1355,0.024704 
  1356,0.024704 
  1357,0.024704 
  1358,0.024704 
  1359,0.024704 
  1360,0.024704 
  1361,0.024704 
  1362,0.024704 
  1363,0.024704 
  1364,0.024704 
  1365,0.024704 
  1366,0.024704 
  1367,0.024704 
  1368,0.024704 
  1369,0.024704 
  1370,0.024704 
  1371,0.024704 
  1372,0.024704 
  1373,0.024704 
  1374,0.024704 
  1375,0.024704 
  1376,0.024704 
  1377,0.024704 
  1378,0.024704 
  1379,0.024704 
  1380,0.024704 
  1381,0.024704 
  1382,0.024704 
  1383,0.024704 
  1384,0.024704 
  1385,0.0220985 
  1386,0.0220985 
  1387,0.0220985 
  1388,0.0220985 
  1389,0.0220985 
  1390,0.0220985 
  1391,0.0220985 
  1392,0.0220985 
  1393,0.0220985 
  1394,0.0220985 
  1395,0.0220985 
  1396,0.0220985 
  1397,0.0220985 
  1398,0.0220985 
  1399,0.0220985 
  1400,0.0220985 
  1401,0.0220985 
  1402,0.0220985 
  1403,0.0220985 
  1404,0.0220985 
  1405,0.0220985 
  1406,0.0220985 
  1407,0.0220985 
  1408,0.0220985 
  1409,0.0220985 
  1410,0.0220985 
  1411,0.0220985 
  1412,0.0220985 
  1413,0.0220985 
  1414,0.0220985 
  1415,0.0220985 
  1416,0.0220985 
  1417,0.0220985 
  1418,0.0220985 
  1419,0.0220985 
  1420,0.0220985 
  1421,0.0220985 
  1422,0.0220985 
  1423,0.0220985 
  1424,0.0220985 
  1425,0.0220985 
  1426,0.0220985 
  1427,0.0220985 
  1428,0.0220985 
  1429,0.0220985 
  1430,0.0220985 
  1431,0.0220985 
  1432,0.0220985 
  1433,0.0220985 
  1434,0.0220985 
  1435,0.0220985 
  1436,0.0220985 
  1437,0.0220985 
  1438,0.0220985 
  1439,0.0220985 
  1440,0.0220985 
  1441,0.0220985 
  1442,0.0220985 
  1443,0.0220985 
  1444,0.0220985 
  1445,0.0220985 
  1446,0.0220985 
  1447,0.0220985 
  1448,0.0220985 
  1449,0.0220985 
  1450,0.0220985 
  1451,0.0220985 
  1452,0.0220985 
  1453,0.0220985 
  1454,0.0220985 
  1455,0.0220985 
  1456,0.0220985 
  1457,0.0220985 
  1458,0.0220985 
  1459,0.0191383 
  1460,0.0191383 
  1461,0.0191383 
  1462,0.0191383 
  1463,0.0191383 
  1464,0.0191383 
  1465,0.0191383 
  1466,0.0191383 
  1467,0.0191383 
  1468,0.0191383 
  1469,0.0191383 
  1470,0.0191383 
  1471,0.0191383 
  1472,0.0191383 
  1473,0.0191383 
  1474,0.0191383 
  1475,0.0191383 
  1476,0.0191383 
  1477,0.0191383 
  1478,0.0191383 
  1479,0.0191383 
  1480,0.0191383 
  1481,0.0191383 
  1482,0.0191383 
  1483,0.0191383 
  1484,0.0191383 
  1485,0.0191383 
  1486,0.0191383 
  1487,0.0191383 
  1488,0.0191383 
  1489,0.0191383 
  1490,0.0191383 
  1491,0.0191383 
  1492,0.0191383 
  1493,0.0191383 
  1494,0.0191383 
  1495,0.0191383 
  1496,0.0191383 
  1497,0.0191383 
  1498,0.0191383 
  1499,0.015625 
  1500,0.0191383 
  1501,0.0191383 
  1502,0.0191383 
  1503,0.015625 
  1504,0.0191383 
  1505,0.0191383 
  1506,0.015625 
  1507,0.0191383 
  1508,0.0191383 
  1509,0.0191383 
  1510,0.0191383 
  1511,0.015625 
  1512,0.0191383 
  1513,0.0191383 
  1514,0.0191383 
  1515,0.0191383 
  1516,0.0191383 
  1517,0.015625 
  1518,0.0191383 
  1519,0.0191383 
  1520,0.015625 
  1521,0.0191383 
  1522,0.0191383 
  1523,0.0191383 
  1524,0.0191383 
  1525,0.0191383 
  1526,0.015625 
  1527,0.0191383 
  1528,0.0191383 
  1529,0.0191383 
  1530,0.0191383 
  1531,0.0191383 
  1532,0.0191383 
  1533,0.015625 
  1534,0.0191383 
  1535,0.0191383 
  1536,0.0191383 
  1537,0.0191383 
  1538,0.015625 
  1539,0.0191383 
  1540,0.0191383 
  1541,0.0191383 
  1542,0.0191383 
  1543,0.015625 
  1544,0.0191383 
  1545,0.015625 
  1546,0.0191383 
  1547,0.0191383 
  1548,0.0191383 
  1549,0.0191383 
  1550,0.0191383 
  1551,0.0191383 
  1552,0.0191383 
  1553,0.0191383 
  1554,0.0191383 
  1555,0.0191383 
  1556,0.0191383 
  1557,0.0191383 
  1558,0.0191383 
  1559,0.0191383 
  1560,0.0191383 
  1561,0.015625 
  1562,0.0191383 
  1563,0.0191383 
  1564,0.0191383 
  1565,0.0191383 
  1566,0.0191383 
  1567,0.015625 
  1568,0.0191383 
  1569,0.0191383 
  1570,0.0191383 
  1571,0.0191383 
  1572,0.0191383 
  1573,0.0191383 
  1574,0.0191383 
  1575,0.015625 
  1576,0.0191383 
  1577,0.0191383 
  1578,0.0191383 
  1579,0.0191383 
  1580,0.0191383 
  1581,0.0191383 
  1582,0.0191383 
  1583,0.0191383 
  1584,0.0191383 
  1585,0.015625 
  1586,0.015625 
  1587,0.015625 
  1588,0.015625 
  1589,0.015625 
  1590,0.015625 
  1591,0.015625 
  1592,0.015625 
  1593,0.015625 
  1594,0.015625 
  1595,0.015625 
  1596,0.015625 
  1597,0.015625 
  1598,0.015625 
  1599,0.015625 
  1600,0.015625 
  1601,0.015625 
  1602,0.015625 
  1603,0.015625 
  1604,0.015625 
  1605,0.015625 
  1606,0.015625 
  1607,0.015625 
  1608,0.015625 
  1609,0.015625 
  1610,0.015625 
  1611,0.015625 
  1612,0.015625 
  1613,0.015625 
  1614,0.015625 
  1615,0.015625 
  1616,0.015625 
  1617,0.015625 
  1618,0.015625 
  1619,0.015625 
  1620,0.015625 
  1621,0.015625 
  1622,0.015625 
  1623,0.015625 
  1624,0.015625 
  1625,0.015625 
  1626,0.015625 
  1627,0.015625 
  1628,0.015625 
  1629,0.015625 
  1630,0.015625 
  1631,0.015625 
  1632,0.015625 
  1633,0.015625 
  1634,0.015625 
  1635,0.015625 
  1636,0.015625 
  1637,0.015625 
  1638,0.015625 
  1639,0.015625 
  1640,0.015625 
  1641,0.015625 
  1642,0.015625 
  1643,0.015625 
  1644,0.015625 
  1645,0.015625 
  1646,0.015625 
  1647,0.015625 
  1648,0.015625 
  1649,0.015625 
  1650,0.015625 
  1651,0.015625 
  1652,0.015625 
  1653,0.015625 
  1654,0.015625 
  1655,0.015625 
  1656,0.015625 
  1657,0.015625 
  1658,0.015625 
  1659,0.015625 
  1660,0.015625 
  1661,0.015625 
  1662,0.015625 
  1663,0.015625 
  1664,0.015625 
  1665,0.015625 
  1666,0.015625 
  1667,0.015625 
  1668,0.015625 
  1669,0.015625 
  1670,0.015625 
  1671,0.015625 
  1672,0.015625 
  1673,0.015625 
  1674,0.015625 
  1675,0.015625 
  1676,0.015625 
  1677,0.015625 
  1678,0.015625 
  1679,0.015625 
  1680,0.015625 
  1681,0.015625 
  1682,0.015625 
  1683,0.015625 
  1684,0.015625 
  1685,0.015625 
  1686,0.015625 
  1687,0.015625 
  1688,0.015625 
  1689,0.015625 
  1690,0.015625 
  1691,0.015625 
  1692,0.015625 
  1693,0.015625 
  1694,0.015625 
  1695,0.015625 
  1696,0.015625 
  1697,0.015625 
  1698,0.015625 
  1699,0.015625 
  1700,0.015625 
  1701,0.015625 
  1702,0.015625 
  1703,0.015625 
  1704,0.015625 
  1705,0.015625 
  1706,0.015625 
  1707,0.015625 
  1708,0.015625 
  1709,0.015625 
  1710,0.015625 
  1711,0.015625 
  1712,0.015625 
  1713,0.015625 
  1714,0.015625 
  1715,0.015625 
  1716,0.015625 
  1717,0.015625 
  1718,0.015625 
  1719,0.015625 
  1720,0.015625 
  1721,0.015625 
  1722,0.015625 
  1723,0.015625 
  1724,0.015625 
  1725,0.015625 
  1726,0.015625 
  1727,0.015625 
  1728,0.015625 
  1729,0.015625 
  1730,0.015625 
  1731,0.015625 
  1732,0.015625 
  1733,0.015625 
  1734,0.015625 
  1735,0.015625 
  1736,0.015625 
  1737,0.015625 
  1738,0.015625 
  1739,0.015625 
  1740,0.015625 
  1741,0.015625 
  1742,0.015625 
  1743,0.015625 
  1744,0.015625 
  1745,0.015625 
  1746,0.015625 
  1747,0.015625 
  1748,0.015625 
  1749,0.015625 
  1750,0.015625 
  1751,0.015625 
  1752,0.015625 
  1753,0.015625 
  1754,0.015625 
  1755,0.015625 
  1756,0.015625 
  1757,0.015625 
  1758,0.015625 
  1759,0.015625 
  1760,0.015625 
  1761,0.015625 
  1762,0.015625 
  1763,0.015625 
  1764,0.015625 
  1765,0.015625 
  1766,0.015625 
  1767,0.015625 
  1768,0.015625 
  1769,0.015625 
  1770,0.015625 
  1771,0.015625 
  1772,0.015625 
  1773,0.015625 
  1774,0.015625 
  1775,0.015625 
  1776,0.015625 
  1777,0.015625 
  1778,0.015625 
  1779,0.015625 
  1780,0.015625 
  1781,0.015625 
  1782,0.015625 
  1783,0.015625 
  1784,0.015625 
  1785,0.015625 
  1786,0.015625 
  1787,0.015625 
  1788,0.015625 
  1789,0.015625 
  1790,0.015625 
  1791,0.015625 
  1792,0.015625 
  1793,0.015625 
  1794,0.015625 
  1795,0.015625 
  1796,0.015625 
  1797,0.015625 
  1798,0.015625 
  1799,0.015625 
  1800,0.015625 
  1801,0.015625 
  1802,0.015625 
  1803,0.015625 
  1804,0.015625 
  1805,0.015625 
  1806,0.015625 
  1807,0.015625 
  1808,0.015625 
  1809,0.015625 
  1810,0.015625 
  1811,0.015625 
  1812,0.015625 
  1813,0.015625 
  1814,0.015625 
  1815,0.015625 
  1816,0.015625 
  1817,0.015625 
  1818,0.015625 
  1819,0.015625 
  1820,0.015625 
  1821,0.015625 
  1822,0.015625 
  1823,0.015625 
  1824,0.015625 
  1825,0.015625 
  1826,0.015625 
  1827,0.015625 
  1828,0.015625 
  1829,0.015625 
  1830,0.015625 
  1831,0.015625 
  1832,0.015625 
  1833,0.015625 
  1834,0.015625 
  1835,0.015625 
  1836,0.015625 
  1837,0.0110474 
  1838,0.015625 
  1839,0.015625 
  1840,0.015625 
  1841,0.0110474 
  1842,0.015625 
  1843,0.015625 
  1844,0.015625 
  1845,0.015625 
  1846,0.015625 
  1847,0.015625 
  1848,0.015625 
  1849,0.0110474 
  1850,0.015625 
  1851,0.015625 
  1852,0.0110474 
  1853,0.0110474 
  1854,0.015625 
  1855,0.015625 
  1856,0.015625 
  1857,0.015625 
  1858,0.015625 
  1859,0.0110474 
  1860,0.0110474 
  1861,0.0110474 
  1862,0.015625 
  1863,0.015625 
  1864,0.015625 
  1865,0.0110474 
  1866,0.015625 
  1867,0.015625 
  1868,0.015625 
  1869,0.015625 
  1870,0.015625 
  1871,0.015625 
  1872,0.015625 
  1873,0.015625 
  1874,0.015625 
  1875,0.015625 
  1876,0.015625 
  1877,0.015625 
  1878,0.015625 
  1879,0.015625 
  1880,0.0110474 
  1881,0.0110474 
  1882,0.0110474 
  1883,0.0110474 
  1884,0.0110474 
  1885,0.0110474 
  1886,0.0110474 
  1887,0.0110474 
  1888,0.0110474 
  1889,0.0110474 
  1890,0.0110474 
  1891,0.0110474 
  1892,0.0110474 
  1893,0.0110474 
  1894,0.0110474 
  1895,0.0110474 
  1896,0.0110474 
  1897,0.0110474 
  1898,0.0110474 
  1899,0.0110474 
  1900,0.0110474 
  1901,0.0110474 
  1902,0.0110474 
  1903,0.0110474 
  1904,0.0110474 
  1905,0.0110474 
  1906,0.0110474 
  1907,0.0110474 
  1908,0.0110474 
  1909,0.0110474 
  1910,0.0110474 
  1911,0.0110474 
  1912,0.0110474 
  1913,0.0110474 
  1914,0.0110474 
  1915,0.0110474 
  1916,0.0110474 
  1917,0.0110474 
  1918,0.0110474 
  1919,0.0110474 
  1920,0.0110474 
  1921,0.0110474 
  1922,0.0110474 
  1923,0.0110474 
  1924,0.0110474 
  1925,0.0110474 
  1926,0.0110474 
  1927,0.0110474 
  1928,0.0110474 
  1929,0.0110474 
  1930,0.0110474 
  1931,0.0110474 
  1932,0.0110474 
  1933,0.0110474 
  1934,0.0110474 
  1935,0.0110474 
  1936,0.0110474 
  1937,0.0110474 
  1938,0.0110474 
  1939,0.0110474 
  1940,0.0110474 
  1941,0.0110474 
  1942,0.0110474 
  1943,0.0110474 
  1944,0.0110474 
  1945,0.0110474 
  1946,0.0110474 
  1947,0.0110474 
  1948,0.0110474 
  1949,0.0110474 
  1950,0.0110474 
  1951,0.0110474 
  1952,0.0110474 
  1953,0.0110474 
  1954,0.0110474 
  1955,0.0110474 
  1956,0.0110474 
  1957,0.0110474 
  1958,0.0110474 
  1959,0.0110474 
  1960,0.0110474 
  1961,0.0110474 
  1962,0.0110474 
  1963,0.0110474 
  1964,0.0110474 
  1965,0.0110474 
  1966,0.0110474 
  1967,0.0110474 
  1968,0.0110474 
  1969,0.0110474 
  1970,0.0110474 
  1971,0.0110474 
  1972,0.0110474 
  1973,0.0110474 
  1974,0.0110474 
  1975,0.0110474 
  1976,0.0110474 
  1977,0.0110474 
  1978,0.0110474 
  1979,0.0110474 
  1980,0.0110474 
  1981,0.0110474 
  1982,0.0110474 
  1983,0.0110474 
  1984,0.0110474 
  1985,0.0110474 
  1986,0.0110474 
  1987,0.0110474 
  1988,0.0110474 
  1989,0.0110474 
  1990,0.0110474 
  1991,0.0110474 
  1992,0.0110474 
  1993,0.0110474 
  1994,0.0110474 
  1995,0.0110474 
  1996,0.0110474 
  1997,0.0110474 
  1998,0.0110474 
  1999,0.0110474 
  2000,0.0110474 
  2001,0.0110474 
  2002,0.0110474 
  2003,0.0110474 
  2004,0.0110474 
  2005,0.0110474 
  2006,0.0110474 
  2007,0.0110474 
  2008,0.0110474 
  2009,0.0110474 
  2010,0.0110474 
  2011,0.0110474 
  2012,0.0110474 
  2013,0.0110474 
  2014,0.0110474 
  2015,0.0110474 
  2016,0.0110474 
  2017,0.0110474 
  2018,0.0110474 
  2019,0.0110474 
  2020,0.0110474 
  2021,0.0110474 
  2022,0.0110474 
  2023,0.0110474 
  2024,0.0110474 
  2025,0.0110474 
  2026,0.0110474 
  2027,0.0110474 
  2028,0.0110474 
  2029,0.0110474 
  2030,0.0110474 
  2031,0.0110474 
  2032,0.0110474 
  2033,0.0110474 
  2034,0.0110474 
  2035,0.0110474 
  2036,0.0110474 
  2037,0.0110474 
  2038,0.0110474 
  2039,0.0110474 
  2040,0.0110474 
  2041,0.0110474 
  2042,0.0110474 
  2043,0.0110474 
  2044,0.0110474 
  2045,0.0110474 
  2046,0.0110474 
  2047,0.0110474 
  2048,0.0110474 
  2049,0.0110474 
  2050,0.0110474 
  2051,0.0110474 
  2052,0.0110474 
  2053,0.0110474 
  2054,0.0110474 
  2055,0.0110474 
  2056,0.0110474 
  2057,0.0110474 
  2058,0.0110474 
  2059,0.0110474 
  2060,0.0110474 
  2061,0.0110474 
  2062,0.0110474 
  2063,0.0110474 
  2064,0.0110474 
  2065,0.0110474 
  2066,0.0110474 
  2067,0.0110474 
  2068,0.0110474 
  2069,0.0110474 
  2070,0.0110474 
  2071,0.0110474 
  2072,0.0110474 
  2073,0.0110474 
  2074,0.0110474 
  2075,0.0110474 
  2076,0.0110474 
  2077,0.0110474 
  2078,0.0110474 
  2079,0.0110474 
  2080,0.0110474 
  2081,0.0110474 
  2082,0.0110474 
  2083,0.0110474 
  2084,0.0110474 
  2085,0.0110474 
  2086,0.0110474 
  2087,0.0110474 
  2088,0.0110474 
  2089,0.0110474 
  2090,0.0110474 
  2091,0.0110474 
  2092,0.0110474 
  2093,0.0110474 
  2094,0.0110474 
  2095,0.0110474 
  2096,0.0110474 
  2097,0.0110474 
  2098,0.0110474 
  2099,0.0110474 
  2100,0.0110474 
  2101,0.0110474 
  2102,0.0110474 
  2103,0.0110474 
  2104,0.0110474 
  2105,0.0110474 
  2106,0.0110474 
  2107,0.0110474 
  2108,0.0110474 
  2109,0.0110474 
  2110,0.0110474 
  2111,0.0110474 
  2112,0.0110474 
  2113,0.0110474 
  2114,0.0110474 
  2115,0.0110474 
  2116,0.0110474 
  2117,0.0110474 
  2118,0.0110474 
  2119,0.0110474 
  2120,0.0110474 
  2121,0.0110474 
  2122,0.0110474 
  2123,0.0110474 
  2124,0.0110474 
  2125,0.0110474 
  2126,0.0110474 
  2127,0.0110474 
  2128,0.0110474 
  2129,0.0110474 
  2130,0.0110474 
  2131,0.0110474 
  2132,0.0110474 
  2133,0.0110474 
  2134,0.0110474 
  2135,0.0110474 
  2136,0.0110474 
  2137,0.0110474 
  2138,0.0110474 
  2139,0.0110474 
  2140,0.0110474 
  2141,0.0110474 
  2142,0.0110474 
  2143,0.0110474 
  2144,0.0110474 
  2145,0.0110474 
  2146,0.0110474 
  2147,0.0110474 
  2148,0.0110474 
  2149,0.0110474 
  2150,0.0110474 
  2151,0.0110474 
  2152,0.0110474 
  2153,0.0110474 
  2154,0.0110474 
  2155,0.0110474 
  2156,0.0110474 
  2157,0.0110474 
  2158,0.0110474 
  2159,0.0110474 
  2160,0.0110474 
  2161,0.0110474 
  2162,0.0110474 
  2163,0.0110474 
  2164,0.0110474 
  2165,0.0110474 
  2166,0.0110474 
  2167,0.0110474 
  2168,0.0110474 
  2169,0.0110474 
  2170,0.0110474 
  2171,0.0110474 
  2172,0.0110474 
  2173,0.0110474 
  2174,0.0110474 
  2175,0.0110474 
  2176,0.0110474 
  2177,0.0110474 
  2178,0.0110474 
  2179,0.0110474 
  2180,0.0110474 
  2181,0.0110474 
  2182,0.0110474 
  2183,0.0110474 
  2184,0.0110474 
  2185,0.0110474 
  2186,0.0110474 
  2187,0.0110474 
  2188,0.0110474 
  2189,0.0110474 
  2190,0.0110474 
  2191,0.0110474 
  2192,0.0110474 
  2193,0.0110474 
  2194,0.0110474 
  2195,0.0110474 
  2196,0.0110474 
  2197,0.0110474 
  2198,0.0110474 
  2199,0.0110474 
  2200,0.0110474 
  2201,0.0110474 
  2202,0.0110474 
  2203,0.0110474 
  2204,0.0110474 
  2205,0.0110474 
  2206,0.0110474 
  2207,0.0110474 
  2208,0.0110474 
  2209,0.0110474 
  2210,0.0110474 
  2211,0.0110474 
  2212,0.0110474 
  2213,0.0110474 
  2214,0.0110474 
  2215,0.0110474 
  2216,0.0110474 
  2217,0.0110474 
  2218,0.0110474 
  2219,0.0110474 
  2220,0.0110474 
  2221,0.0110474 
  2222,0.0110474 
  2223,0.0110474 
  2224,0.0110474 
  2225,0.0110474 
  2226,0.0110474 
  2227,0.0110474 
  2228,0.0110474 
  2229,0.0110474 
  2230,0.0110474 
  2231,0.0110474 
  2232,0.0110474 
  2233,0.0110474 
  2234,0.0110474 
  2235,0.0110474 
  2236,0.0110474 
  2237,0.0110474 
  2238,0.0110474 
  2239,0.0110474 
  2240,0.0110474 
  2241,0.0110474 
  2242,0.0110474 
  2243,0.0110474 
  2244,0.0110474 
  2245,0.0110474 
  2246,0.0110474 
  2247,0.0110474 
  2248,0.0110474 
  2249,0.0110474 
  2250,0.0110474 
  2251,0.0110474 
  2252,0.0110474 
  2253,0.0110474 
  2254,0.0110474 
  2255,0.0110474 
  2256,0.0110474 
  2257,0.0110474 
  2258,0.0110474 
  2259,0.0110474 
  2260,0.0110474 
  2261,0.0110474 
  2262,0.0110474 
  2263,0.0110474 
  2264,0.0110474 
  2265,0.0110474 
  2266,0.0110474 
  2267,0.0110474 
  2268,0.0110474 
  2269,0.0110474 
  2270,0.0110474 
  2271,0.0110474 
  2272,0.0110474 
  2273,0.0110474 
  2274,0.0110474 
  2275,0.0110474 
  2276,0.0110474 
  2277,0.0110474 
  2278,0.0110474 
  2279,0.0110474 
  2280,0.0110474 
  2281,0.0110474 
  2282,0.0110474 
  2283,0.0110474 
  2284,0.0110474 
  2285,0.0110474 
  2286,0.0110474 
  2287,0.0110474 
  2288,0.0110474 
  2289,0.0110474 
  2290,0.0110474 
  2291,0.0110474 
  2292,0.0110474 
  2293,0.0110474 
  2294,0.0110474 
  2295,0.0110474 
  2296,0.0110474 
  2297,0.0110474 
  2298,0.0110474 
  2299,0.0110474 
  2300,0.0110474 
  2301,0.0110474 
  2302,0.0110474 
  2303,0.0110474 
  2304,0.0110474 
  2305,0.0110474 
  2306,0.0110474 
  2307,0.0110474 
  2308,0.0110474 
  2309,0.0110474 
  2310,0.0110474 
  2311,0.0110474 
  2312,0.0110474 
  2313,0.0110474 
  2314,0.0110474 
  2315,0.0110474 
  2316,0.0110474 
  2317,0.0110474 
  2318,0.0110474 
  2319,0.0110474 
  2320,0.0110474 
  2321,0.0110474 
  2322,0.0110474 
  2323,0.0110474 
  2324,0.0110474 
  2325,0.0110474 
  2326,0.0110474 
  2327,0.0110474 
  2328,0.0110474 
  2329,0.0110474 
  2330,0.0110474 
  2331,0.0110474 
  2332,0.0110474 
  2333,0.0110474 
  2334,0.0110474 
  2335,0.0110474 
  2336,0.0110474 
  2337,0.0110474 
  2338,0.0110474 
  2339,0.0110474 
  2340,0.0110474 
  2341,0.0110474 
  2342,0.0110474 
  2343,0.0110474 
  2344,0.0110474 
  2345,0.0110474 
  2346,0.0110474 
  2347,0.0110474 
  2348,0.0110474 
  2349,0.0110474 
  2350,0.0110474 
  2351,0.0110474 
  2352,0.0110474 
  2353,0.0110474 
  2354,0.0110474 
  2355,0.0110474 
  2356,0.0110474 
  2357,0.0110474 
  2358,0.0110474 
  2359,0.0110474 
  2360,0.0110474 
  2361,0.0110474 
  2362,0.0110474 
  2363,0.0110474 
  2364,0.0110474 
  2365,0.0110474 
  2366,0.0110474 
  2367,0.0110474 
  2368,0.0110474 
  2369,0.0110474 
  2370,0.0110474 
  2371,0.0110474 
  2372,0.0110474 
  2373,0.0110474 
  2374,0.0110474 
  2375,0.0110474 
  2376,0.0110474 
  2377,0.0110474 
  2378,0.0110474 
  2379,0.0110474 
  2380,0.0110474 
  2381,0.0110474 
  2382,0.0110474 
  2383,0.0110474 
  2384,0.0110474 
  2385,0.0110474 
  2386,0.0110474 
  2387,0.0110474 
  2388,0.0110474 
  2389,0.0110474 
  2390,0.0110474 
  2391,0.0110474 
  2392,0.0110474 
  2393,0.0110474 
  2394,0.0110474 
  2395,0.0110474 
  2396,0.0110474 
  2397,0.0110474 
  2398,0.0110474 
  2399,0.0110474 
  2400,0.0110474 
  2401,0.0110474 
  2402,0.0110474 
  2403,0.0110474 
  2404,0.0110474 
  2405,0.0110474 
  2406,0.0110474 
  2407,0.0110474 
  2408,0.0110474 
  2409,0.0110474 
  2410,0.0110474 
  2411,0.0110474 
  2412,0.0110474 
  2413,0.0110474 
  2414,0.0110474 
  2415,0.0110474 
  2416,0.0110474 
  2417,0.0110474 
  2418,0.0110474 
  2419,0.0110474 
  2420,0.0110474 
  2421,0.0110474 
  2422,0.0110474 
  2423,0.0110474 
  2424,0.0110474 
  2425,0.0110474 
  2426,0.0110474 
  2427,0.0110474 
  2428,0.0110474 
  2429,0.0110474 
  2430,0.0110474 
  2431,0.0110474 
  2432,0.0110474 
  2433,0.0110474 
  2434,0.0110474 
  2435,0.0110474 
  2436,0.0110474 
  2437,0.0110474 
  2438,0.0110474 
  2439,0.0110474 
  2440,0.0110474 
  2441,0.0110474 
  2442,0.0110474 
  2443,0.0110474 
  2444,0.0110474 
  2445,0.0110474 
  2446,0.0110474 
  2447,0.0110474 
  2448,0.0110474 
  2449,0.0110474 
  2450,0.0110474 
  2451,0.0110474 
  2452,0.0110474 
  2453,0.0110474 
  2454,0.0110474 
  2455,0.0110474 
  2456,0.0110474 
  2457,0.0110474 
  2458,0.0110474 
  2459,0.0110474 
  2460,0.0110474 
  2461,0.0110474 
  2462,0.0110474 
  2463,0.0110474 
  2464,0.0110474 
  2465,0.0110474 
  2466,0.0110474 
  2467,0.0110474 
  2468,0.0110474 
  2469,0.0110474 
  2470,0.0110474 
  2471,0.0110474 
  2472,0.0110474 
  2473,0.0110474 
  2474,0.0110474 
  2475,0.0110474 
  2476,0.0110474 
  2477,0.0110474 
  2478,0.0110474 
  2479,0.0110474 
  2480,0.0110474 
  2481,0.0110474 
  2482,0.0110474 
  2483,0.0110474 
  2484,0.0110474 
  2485,0.0110474 
  2486,0.0110474 
  2487,0.0110474 
  2488,0.0110474 
  2489,0.0110474 
  2490,0.0110474 
  2491,0.0110474 
  2492,0.0110474 
  2493,0.0110474 
  2494,0.0110474 
  2495,0.0110474 
  2496,0.0110474 
  2497,0.0110474 
  2498,0.0110474 
  2499,0.0110474 
  2500,0.0110474 
  2501,0.0110474 
  2502,0.0110474 
  2503,0.0110474 
  2504,0.0110474 
  2505,0.0110474 
  2506,0.0110474 
  2507,0.0110474 
  2508,0.0110474 
  2509,0.0110474 
  2510,0.0110474 
  2511,0.0110474 
  2512,0.0110474 
  2513,0.0110474 
  2514,0.0110474 
  2515,0.0110474 
  2516,0.0110474 
  2517,0.0110474 
  2518,0.0110474 
  2519,0.0110474 
  2520,0.0110474 
  2521,0.0110474 
  2522,0.0110474 
  2523,0.0110474 
  2524,0.0110474 
  2525,0.0110474 
  2526,0.0110474 
  2527,0.0110474 
  2528,0.0110474 
  2529,0.0110474 
  2530,0.0110474 
  2531,0.0110474 
  2532,0.0110474 
  2533,0.0110474 
  2534,0.0110474 
  2535,0.0110474 
  2536,0.0110474 
  2537,0.0110474 
  2538,0.0110474 
  2539,0.0110474 
  2540,0.0110474 
  2541,0.0110474 
  2542,0.0110474 
  2543,0.0110474 
  2544,0.0110474 
  2545,0.0110474 
  2546,0.0110474 
  2547,0.0110474 
  2548,0.0110474 
  2549,0.0110474 
  2550,0.0110474 
  2551,0.0110474 
  2552,0.0110474 
  2553,0.0110474 
  2554,0.0110474 
  2555,0.0110474 
  2556,0.0110474 
  2557,0.0110474 
  2558,0.0110474 
  2559,0.0110474 
  2560,0.0110474 
  2561,0.0110474 
  2562,0.0110474 
  2563,0.0110474 
  2564,0.0110474 
  2565,0.0110474 
  2566,0.0110474 
  2567,0.0110474 
  2568,0.0110474 
  2569,0.0110474 
  2570,0.0110474 
  2571,0.0110474 
  2572,0.0110474 
  2573,0.0110474 
  2574,0.0110474 
  2575,0.0110474 
  2576,0.0110474 
  2577,0.0110474 
  2578,0.0110474 
  2579,0.0110474 
  2580,0.0110474 
  2581,0.0110474 
  2582,0.0110474 
  2583,0.0110474 
  2584,0.0110474 
  2585,0.0110474 
  2586,0.0110474 
  2587,0.0110474 
  2588,0.0110474 
  2589,0.0110474 
  2590,0.0110474 
  2591,0.0110474 
  2592,0.0110474 
  2593,0.0110474 
  2594,0.0110474 
  2595,0.0110474 
  2596,0.0110474 
  2597,0.0110474 
  2598,0.0110474 
  2599,0.0110474 
  2600,0.0110474 
  2601,0.0110474 
  2602,0.0110474 
  2603,0.0110474 
  2604,0.0110474 
  2605,0.0110474 
  2606,0.0110474 
  2607,0.0110474 
  2608,0.0110474 
  2609,0.0110474 
  2610,0.0110474 
  2611,0.0110474 
  2612,0.0110474 
  2613,0.0110474 
  2614,0.0110474 
  2615,0.0110474 
  2616,0.0110474 
  2617,0.0110474 
  2618,0.0110474 
  2619,0.0110474 
  2620,0.0110474 
  2621,0.0110474 
  2622,0.0110474 
  2623,0.0110474 
  2624,0.0110474 
  2625,0.0110474 
  2626,0.0110474 
  2627,0.0110474 
  2628,0.0110474 
  2629,0.0110474 
  2630,0.0110474 
  2631,0.0110474 
  2632,0.0110474 
  2633,0.0110474 
  2634,0.0110474 
