# iteration relative_error 
  0,1 
  1,0.413673 
  2,0.260468 
  3,0.187866 
  4,0.147221 
  5,0.121338 
  6,0.10078 
  7,0.0879745 
  8,0.0773048 
  9,0.0721245 
  10,0.0638542 
  11,0.0602722 
  12,0.0571289 
  13,0.0543213 
  14,0.0484581 
  15,0.0463295 
  16,0.0443993 
  17,0.0426292 
  18,0.0410042 
  19,0.0395088 
  20,0.0381165 
  21,0.0368233 
  22,0.035614 
  23,0.034481 
  24,0.0334206 
  25,0.0300102 
  26,0.0314674 
  27,0.0305748 
  28,0.0297241 
  29,0.0289192 
  30,0.0260696 
  31,0.0274391 
  32,0.024765 
  33,0.0241585 
  34,0.0254707 
  35,0.0230255 
  36,0.0243034 
  37,0.0219955 
  38,0.0215111 
  39,0.0210457 
  40,0.0206032 
  41,0.0201721 
  42,0.0197601 
  43,0.0193634 
  44,0.0189819 
  45,0.0186157 
  46,0.018261 
  47,0.0179214 
  48,0.0175896 
  49,0.0172729 
  50,0.0169678 
  51,0.0166702 
  52,0.0163841 
  53,0.0161095 
  54,0.0158386 
  55,0.0155792 
  56,0.0153275 
  57,0.0150833 
  58,0.0148468 
  59,0.0146179 
  60,0.0143967 
  61,0.0141792 
  62,0.0139694 
  63,0.0137672 
  64,0.0135651 
  65,0.0133743 
  66,0.0131874 
  67,0.0130043 
  68,0.0128288 
  69,0.0126534 
  70,0.0124855 
  71,0.0123215 
  72,0.0121613 
  73,0.0120049 
  74,0.0118523 
  75,0.0117073 
  76,0.0115623 
  77,0.0114212 
  78,0.0112801 
  79,0.0111465 
  80,0.0110168 
  81,0.0108871 
  82,0.0107613 
  83,0.0106392 
  84,0.0105209 
  85,0.0104027 
  86,0.0102844 
  87,0.0101738 
  88,0.0100632 
  89,0.00995636 
  90,0.00984955 
  91,0.00974655 
  92,0.00964355 
  93,0.00954437 
  94,0.00944901 
  95,0.00935364 
  96,0.00926208 
  97,0.00917053 
  98,0.00907898 
  99,0.00899124 
  100,0.0089035 
  101,0.00881958 
  102,0.00873566 
  103,0.00865555 
  104,0.00857544 
  105,0.00849915 
  106,0.00841904 
  107,0.00834274 
  108,0.00827026 
  109,0.00819778 
  110,0.00812531 
  111,0.00805283 
  112,0.00798416 
  113,0.0079155 
  114,0.00784683 
  115,0.00778198 
  116,0.00771713 
  117,0.00765228 
  118,0.00759125 
  119,0.00753021 
  120,0.00746918 
  121,0.00740814 
  122,0.00734711 
  123,0.00728989 
  124,0.00723267 
  125,0.00717545 
  126,0.00712204 
  127,0.00706863 
  128,0.00701523 
  129,0.00696182 
  130,0.00690842 
  131,0.00685501 
  132,0.00680542 
  133,0.00675583 
  134,0.00670624 
  135,0.00665665 
  136,0.00661087 
  137,0.00656509 
  138,0.0065155 
  139,0.00646973 
  140,0.00642395 
  141,0.00638199 
  142,0.00633621 
  143,0.00629425 
  144,0.00625229 
  145,0.00621033 
  146,0.00616837 
  147,0.0061264 
  148,0.00608444 
  149,0.0060463 
  150,0.00600815 
  151,0.00596619 
  152,0.00592804 
  153,0.00588989 
  154,0.00585556 
  155,0.00581741 
  156,0.00577927 
  157,0.00574493 
  158,0.00570679 
  159,0.00567245 
  160,0.00563812 
  161,0.00560379 
  162,0.00556946 
  163,0.00553513 
  164,0.00550461 
  165,0.00547028 
  166,0.00543976 
  167,0.00540543 
  168,0.00537491 
  169,0.00534439 
  170,0.00531387 
  171,0.00528336 
  172,0.00525284 
  173,0.00522232 
  174,0.0051918 
  175,0.0051651 
  176,0.00513458 
  177,0.00510788 
  178,0.00507736 
  179,0.00505066 
  180,0.00502396 
  181,0.00499344 
  182,0.00496674 
  183,0.00494003 
  184,0.00491333 
  185,0.00489044 
  186,0.00486374 
  187,0.00483704 
  188,0.00481033 
  189,0.00478745 
  190,0.00476074 
  191,0.00473785 
  192,0.00471497 
  193,0.00468826 
  194,0.00466537 
  195,0.00464249 
  196,0.0046196 
  197,0.00459671 
  198,0.00457382 
  199,0.00455093 
  200,0.00452805 
  201,0.00450516 
  202,0.00448227 
  203,0.0044632 
  204,0.00444031 
  205,0.00441742 
  206,0.00439835 
  207,0.00437546 
  208,0.00435638 
  209,0.0043335 
  210,0.00431442 
  211,0.00429535 
  212,0.00427628 
  213,0.00425339 
  214,0.00423431 
  215,0.00421524 
  216,0.00419617 
  217,0.00417709 
  218,0.00415802 
  219,0.00413895 
  220,0.00411987 
  221,0.0041008 
  222,0.00408554 
  223,0.00406647 
  224,0.00404739 
  225,0.00403214 
  226,0.00401306 
  227,0.00399399 
  228,0.00397873 
  229,0.00395966 
  230,0.0039444 
  231,0.00392532 
  232,0.00391006 
  233,0.00389481 
  234,0.00387573 
  235,0.00386047 
  236,0.00384521 
  237,0.00382996 
  238,0.00381088 
  239,0.00379562 
  240,0.00378036 
  241,0.00376511 
  242,0.00374985 
  243,0.00373459 
  244,0.00371933 
  245,0.00370407 
  246,0.00368881 
  247,0.00367355 
  248,0.00366211 
  249,0.00364685 
  250,0.00363159 
  251,0.00361633 
  252,0.00360489 
  253,0.00358963 
  254,0.00357437 
  255,0.00356293 
  256,0.00354767 
  257,0.00353241 
  258,0.00352097 
  259,0.00350571 
  260,0.00349426 
  261,0.003479 
  262,0.00346756 
  263,0.0034523 
  264,0.00344086 
  265,0.00342941 
  266,0.00341415 
  267,0.00340271 
  268,0.00339127 
  269,0.00337601 
  270,0.00336456 
  271,0.00335312 
  272,0.00334167 
  273,0.00332642 
  274,0.00331497 
  275,0.00330353 
  276,0.00329208 
  277,0.00328064 
  278,0.0032692 
  279,0.00325775 
  280,0.00324631 
  281,0.00323486 
  282,0.00322342 
  283,0.00321198 
  284,0.00320053 
  285,0.00318909 
  286,0.00317764 
  287,0.0031662 
  288,0.00315475 
  289,0.00314713 
  290,0.00313568 
  291,0.00312424 
  292,0.00311279 
  293,0.00310135 
  294,0.00309372 
  295,0.00308228 
  296,0.00307083 
  297,0.0030632 
  298,0.00305176 
  299,0.00304031 
  300,0.00303268 
  301,0.00302124 
  302,0.0030098 
  303,0.00300217 
  304,0.00299072 
  305,0.00298309 
  306,0.00297165 
  307,0.00296402 
  308,0.00295258 
  309,0.00294495 
  310,0.0029335 
  311,0.00292587 
  312,0.00291443 
  313,0.0029068 
  314,0.00289917 
  315,0.00288773 
  316,0.0028801 
  317,0.00286865 
  318,0.00286102 
  319,0.00285339 
  320,0.00284195 
  321,0.00283432 
  322,0.00282669 
  323,0.00281906 
  324,0.00280762 
  325,0.00279999 
  326,0.00279236 
  327,0.00278473 
  328,0.00277328 
  329,0.00276566 
  330,0.00275803 
  331,0.0027504 
  332,0.00274277 
  333,0.00273514 
  334,0.00272369 
  335,0.00271606 
  336,0.00270844 
  337,0.00270081 
  338,0.00269318 
  339,0.00268555 
  340,0.00267792 
  341,0.00267029 
  342,0.00266266 
  343,0.00265503 
  344,0.0026474 
  345,0.00263977 
  346,0.00263214 
  347,0.00262451 
  348,0.00261688 
  349,0.00260925 
  350,0.00260162 
  351,0.00259399 
  352,0.00258636 
  353,0.00257874 
  354,0.00257111 
  355,0.00256348 
  356,0.00255966 
  357,0.00255203 
  358,0.0025444 
  359,0.00253677 
  360,0.00252914 
  361,0.00252151 
  362,0.0025177 
  363,0.00251007 
  364,0.00250244 
  365,0.00249481 
  366,0.00248718 
  367,0.00248337 
  368,0.00247574 
  369,0.00246811 
  370,0.00246048 
  371,0.00245667 
  372,0.00244904 
  373,0.00244141 
  374,0.00243759 
  375,0.00242996 
  376,0.00242233 
  377,0.0024147 
  378,0.00241089 
  379,0.00240326 
  380,0.00239944 
  381,0.00239182 
  382,0.00238419 
  383,0.00257111 
  384,0.00237274 
  385,0.00236511 
  386,0.0023613 
  387,0.00235367 
  388,0.00234985 
  389,0.00234222 
  390,0.00233459 
  391,0.00233078 
  392,0.00232315 
  393,0.00231934 
  394,0.00231171 
  395,0.00230789 
  396,0.00230026 
  397,0.00229645 
  398,0.00228882 
  399,0.002285 
  400,0.00227737 
  401,0.00227356 
  402,0.00226593 
  403,0.00226212 
  404,0.00225449 
  405,0.00225067 
  406,0.00224686 
  407,0.00223923 
  408,0.00223541 
  409,0.00222778 
  410,0.00222397 
  411,0.00221634 
  412,0.00221252 
  413,0.00220871 
  414,0.00220108 
  415,0.00219727 
  416,0.00218964 
  417,0.00218582 
  418,0.00218201 
  419,0.00217438 
  420,0.00217056 
  421,0.00216675 
  422,0.00215912 
  423,0.0021553 
  424,0.00215149 
  425,0.00214386 
  426,0.00214005 
  427,0.00213623 
  428,0.0021286 
  429,0.00212479 
  430,0.00212097 
  431,0.00211716 
  432,0.00210953 
  433,0.00210571 
  434,0.0021019 
  435,0.00209427 
  436,0.00209045 
  437,0.00208664 
  438,0.00208282 
  439,0.00207901 
  440,0.00207138 
  441,0.00206757 
  442,0.00206375 
  443,0.00205994 
  444,0.00205231 
  445,0.00204849 
  446,0.00204468 
  447,0.00204086 
  448,0.00203705 
  449,0.00202942 
  450,0.0020256 
  451,0.00202179 
  452,0.00201797 
  453,0.00201416 
  454,0.00201035 
  455,0.00200272 
  456,0.0019989 
  457,0.00199509 
  458,0.00199127 
  459,0.00198746 
  460,0.00198364 
  461,0.00197983 
  462,0.00197601 
  463,0.00196838 
  464,0.00196457 
  465,0.00196075 
  466,0.00195694 
  467,0.00195312 
  468,0.00194931 
  469,0.0019455 
  470,0.00194168 
  471,0.00193787 
  472,0.00193405 
  473,0.00193024 
  474,0.00192261 
  475,0.00191879 
  476,0.00191498 
  477,0.00191116 
  478,0.00190735 
  479,0.00190353 
  480,0.00189972 
  481,0.0018959 
  482,0.00189209 
  483,0.00188828 
  484,0.00188446 
  485,0.00188065 
  486,0.00187683 
  487,0.00187302 
  488,0.0018692 
  489,0.00186539 
  490,0.00186157 
  491,0.00185776 
  492,0.00185394 
  493,0.00185013 
  494,0.00184631 
  495,0.0018425 
  496,0.00183868 
  497,0.00183487 
  498,0.00183105 
  499,0.00182724 
  500,0.00182343 
  501,0.00181961 
  502,0.00181961 
  503,0.0018158 
  504,0.00181198 
  505,0.00180817 
  506,0.00180435 
  507,0.00180054 
  508,0.00179672 
  509,0.00179291 
  510,0.00178909 
  511,0.00178528 
  512,0.00178146 
  513,0.00177765 
  514,0.00177383 
  515,0.00177383 
  516,0.00177002 
  517,0.0017662 
  518,0.00176239 
  519,0.00175858 
  520,0.00175476 
  521,0.00175095 
  522,0.00174713 
  523,0.00174332 
  524,0.00174332 
  525,0.0017395 
  526,0.00173569 
  527,0.00173187 
  528,0.00172806 
  529,0.00172424 
  530,0.00172043 
  531,0.00172043 
  532,0.00171661 
  533,0.0017128 
  534,0.00170898 
  535,0.00170517 
  536,0.00170135 
  537,0.00170135 
  538,0.00169754 
  539,0.00169373 
  540,0.00168991 
  541,0.0016861 
  542,0.0016861 
  543,0.00168228 
  544,0.00167847 
  545,0.00167465 
  546,0.00167084 
  547,0.00167084 
  548,0.00166702 
  549,0.00166321 
  550,0.00165939 
  551,0.00165558 
  552,0.00165558 
  553,0.00165176 
  554,0.00164795 
  555,0.00164413 
  556,0.00164032 
  557,0.00164032 
  558,0.00163651 
  559,0.00163269 
  560,0.00162888 
  561,0.00162888 
  562,0.00162506 
  563,0.00162125 
  564,0.00161743 
  565,0.00161743 
  566,0.00161362 
  567,0.0016098 
  568,0.00160599 
  569,0.00160599 
  570,0.00160217 
  571,0.00159836 
  572,0.00159454 
  573,0.00159454 
  574,0.00159073 
  575,0.00158691 
  576,0.00158691 
  577,0.0015831 
  578,0.00157928 
  579,0.00157547 
  580,0.00157547 
  581,0.00157166 
  582,0.00156784 
  583,0.00156784 
  584,0.00156403 
  585,0.00156021 
  586,0.0015564 
  587,0.0015564 
  588,0.00155258 
  589,0.00154877 
  590,0.00154877 
  591,0.00154495 
  592,0.00154114 
  593,0.00154114 
  594,0.00153732 
  595,0.00153351 
  596,0.00153351 
  597,0.00152969 
  598,0.00152588 
  599,0.00152588 
  600,0.00152206 
  601,0.00151825 
  602,0.00151825 
  603,0.00151443 
  604,0.00151062 
  605,0.00151062 
  606,0.00150681 
  607,0.00150299 
  608,0.00150299 
  609,0.00149918 
  610,0.00149536 
  611,0.00149536 
  612,0.00149155 
  613,0.00149155 
  614,0.00148773 
  615,0.00148392 
  616,0.00148392 
  617,0.0014801 
  618,0.00147629 
  619,0.00147629 
  620,0.00147247 
  621,0.00147247 
  622,0.00146866 
  623,0.00146484 
  624,0.00146484 
  625,0.00146103 
  626,0.00145721 
  627,0.00145721 
  628,0.0014534 
  629,0.0014534 
  630,0.00144958 
  631,0.00144577 
  632,0.00144577 
  633,0.00144196 
  634,0.00144196 
  635,0.00143814 
  636,0.00143433 
  637,0.00143433 
  638,0.00143051 
  639,0.00143051 
  640,0.0014267 
  641,0.0014267 
  642,0.00142288 
  643,0.00141907 
  644,0.00141907 
  645,0.00141525 
  646,0.00141525 
  647,0.00141144 
  648,0.00141144 
  649,0.00140762 
  650,0.00140381 
  651,0.00140381 
  652,0.00139999 
  653,0.00139999 
  654,0.00139618 
  655,0.00139618 
  656,0.00139236 
  657,0.00138855 
  658,0.00138855 
  659,0.00138474 
  660,0.00138474 
  661,0.00138092 
  662,0.00138092 
  663,0.00137711 
  664,0.00137711 
  665,0.00137329 
  666,0.00137329 
  667,0.00136948 
  668,0.00136948 
  669,0.00136566 
  670,0.00136185 
  671,0.00136185 
  672,0.00135803 
  673,0.00135803 
  674,0.00135422 
  675,0.00135422 
  676,0.0013504 
  677,0.0013504 
  678,0.00134659 
  679,0.00134659 
  680,0.00134277 
  681,0.00134277 
  682,0.00133896 
  683,0.00133896 
  684,0.00133514 
  685,0.00133514 
  686,0.00133133 
  687,0.00133133 
  688,0.00132751 
  689,0.00132751 
  690,0.0013237 
  691,0.0013237 
  692,0.00131989 
  693,0.00131989 
  694,0.00131607 
  695,0.00131607 
  696,0.00131226 
  697,0.00131226 
  698,0.00130844 
  699,0.00130844 
  700,0.00130463 
  701,0.00130463 
  702,0.00130081 
  703,0.00130081 
  704,0.001297 
  705,0.001297 
  706,0.00129318 
  707,0.00129318 
  708,0.00128937 
  709,0.00128937 
  710,0.00128555 
  711,0.00128555 
  712,0.00128174 
  713,0.00128174 
  714,0.00127792 
  715,0.00127792 
  716,0.00127792 
  717,0.00127411 
  718,0.00127411 
  719,0.00127029 
  720,0.00127029 
  721,0.00126648 
  722,0.00126648 
  723,0.00126266 
  724,0.00126266 
  725,0.00125885 
  726,0.00125885 
  727,0.00125885 
  728,0.00125504 
  729,0.00125504 
  730,0.00125122 
  731,0.00125122 
  732,0.00124741 
  733,0.00124741 
  734,0.00124359 
  735,0.00124359 
  736,0.00123978 
  737,0.00123978 
  738,0.00123978 
  739,0.00123596 
  740,0.00123596 
  741,0.00123215 
  742,0.00123215 
  743,0.00122833 
  744,0.00122833 
  745,0.00122833 
  746,0.00122452 
  747,0.00122452 
  748,0.0012207 
  749,0.0012207 
  750,0.00121689 
  751,0.00121689 
  752,0.00121689 
  753,0.00121307 
  754,0.00121307 
  755,0.00120926 
  756,0.00120926 
  757,0.00120544 
  758,0.00120544 
  759,0.00120544 
  760,0.00120163 
  761,0.00120163 
  762,0.00119781 
  763,0.00119781 
  764,0.00119781 
  765,0.001194 
  766,0.001194 
  767,0.00119019 
  768,0.00119019 
  769,0.00119019 
  770,0.00118637 
  771,0.00118637 
  772,0.00118256 
  773,0.00118256 
  774,0.00118256 
  775,0.00117874 
  776,0.00117874 
  777,0.00117493 
  778,0.00117493 
  779,0.00117493 
  780,0.00117111 
  781,0.00117111 
  782,0.0011673 
  783,0.0011673 
  784,0.0011673 
  785,0.00116348 
  786,0.00116348 
  787,0.00115967 
  788,0.00115967 
  789,0.00115967 
  790,0.00115585 
  791,0.00115585 
  792,0.00115585 
  793,0.00115204 
  794,0.00115204 
  795,0.00114822 
  796,0.00114822 
  797,0.00114822 
  798,0.00114441 
  799,0.00114441 
  800,0.00114441 
  801,0.00114059 
  802,0.00114059 
  803,0.00113678 
  804,0.00113678 
  805,0.00113678 
  806,0.00113297 
  807,0.00113297 
  808,0.00113297 
  809,0.00112915 
  810,0.00112915 
  811,0.00112534 
  812,0.00112534 
  813,0.00112534 
  814,0.00112152 
  815,0.00112152 
  816,0.00112152 
  817,0.00111771 
  818,0.00111771 
  819,0.00111771 
  820,0.00111389 
  821,0.00111389 
  822,0.00111389 
  823,0.00111008 
  824,0.00111008 
  825,0.00110626 
  826,0.00110626 
  827,0.00110626 
  828,0.00110245 
  829,0.00110245 
  830,0.00110245 
  831,0.00109863 
  832,0.00109863 
  833,0.00109863 
  834,0.00109482 
  835,0.00109482 
  836,0.00109482 
  837,0.001091 
  838,0.001091 
  839,0.001091 
  840,0.00108719 
  841,0.00108719 
  842,0.00108719 
  843,0.00108337 
  844,0.00108337 
  845,0.00108337 
  846,0.00107956 
  847,0.00107956 
  848,0.00107956 
  849,0.00107574 
  850,0.00107574 
  851,0.00107574 
  852,0.00107193 
  853,0.00107193 
  854,0.00107193 
  855,0.00106812 
  856,0.00106812 
  857,0.00106812 
  858,0.0010643 
  859,0.0010643 
  860,0.0010643 
  861,0.00106049 
  862,0.00106049 
  863,0.00106049 
  864,0.00105667 
  865,0.00105667 
  866,0.00105667 
  867,0.00105286 
  868,0.00105286 
  869,0.00105286 
  870,0.00105286 
  871,0.00104904 
  872,0.00104904 
  873,0.00104904 
  874,0.00104523 
  875,0.00104523 
  876,0.00104523 
  877,0.00104141 
  878,0.00104141 
  879,0.00104141 
  880,0.0010376 
  881,0.0010376 
  882,0.0010376 
  883,0.00103378 
  884,0.00103378 
  885,0.00103378 
  886,0.00103378 
  887,0.00102997 
  888,0.00102997 
  889,0.00102997 
  890,0.00102615 
  891,0.00102615 
  892,0.00102615 
  893,0.00102234 
  894,0.00102234 
  895,0.00102234 
  896,0.00102234 
  897,0.00101852 
  898,0.00101852 
  899,0.00101852 
  900,0.00101471 
  901,0.00101471 
  902,0.00101471 
  903,0.00101089 
  904,0.00101089 
  905,0.00101089 
  906,0.00101089 
  907,0.00100708 
  908,0.00100708 
  909,0.00100708 
  910,0.00100327 
  911,0.00100327 
  912,0.00100327 
  913,0.00100327 
  914,0.000999451 
  915,0.000999451 
  916,0.000999451 
  917,0.000995636 
  918,0.000995636 
  919,0.000995636 
  920,0.000995636 
  921,0.000991821 
  922,0.000991821 
  923,0.000991821 
  924,0.000988007 
  925,0.000988007 
  926,0.000988007 
  927,0.000988007 
  928,0.000984192 
  929,0.000984192 
  930,0.000984192 
  931,0.000984192 
  932,0.000980377 
  933,0.000980377 
  934,0.000980377 
  935,0.000976562 
  936,0.000976562 
  937,0.000976562 
  938,0.000976562 
  939,0.000972748 
  940,0.000972748 
  941,0.000972748 
  942,0.000972748 
  943,0.000968933 
  944,0.000968933 
  945,0.000968933 
  946,0.000965118 
  947,0.000965118 
  948,0.000965118 
  949,0.000965118 
  950,0.000961304 
  951,0.000961304 
  952,0.000961304 
  953,0.000961304 
  954,0.000957489 
  955,0.000957489 
  956,0.000957489 
  957,0.000957489 
  958,0.000953674 
  959,0.000953674 
  960,0.000953674 
  961,0.00094986 
  962,0.00094986 
  963,0.00094986 
  964,0.00094986 
  965,0.000946045 
  966,0.000946045 
  967,0.000946045 
  968,0.000946045 
  969,0.00094223 
  970,0.00094223 
  971,0.00094223 
  972,0.00094223 
  973,0.000938416 
  974,0.000938416 
  975,0.000938416 
  976,0.000938416 
  977,0.000934601 
  978,0.000934601 
  979,0.000934601 
  980,0.000934601 
  981,0.000930786 
  982,0.000930786 
  983,0.000930786 
  984,0.000930786 
  985,0.000926971 
  986,0.000926971 
  987,0.000926971 
  988,0.000926971 
  989,0.000923157 
  990,0.000923157 
  991,0.000923157 
  992,0.000923157 
  993,0.000919342 
  994,0.000919342 
  995,0.000919342 
  996,0.000919342 
  997,0.000915527 
  998,0.000915527 
  999,0.000915527 
  1000,0.000915527 
  1001,0.000915527 
  1002,0.000911713 
  1003,0.000911713 
  1004,0.000911713 
  1005,0.000911713 
  1006,0.000907898 
  1007,0.000907898 
  1008,0.000907898 
  1009,0.000907898 
  1010,0.000904083 
  1011,0.000904083 
  1012,0.000904083 
  1013,0.000904083 
  1014,0.000900269 
  1015,0.000900269 
  1016,0.000900269 
  1017,0.000900269 
  1018,0.000900269 
  1019,0.000896454 
  1020,0.000896454 
  1021,0.000896454 
  1022,0.000896454 
  1023,0.000892639 
  1024,0.000892639 
  1025,0.000892639 
  1026,0.000892639 
  1027,0.000888824 
  1028,0.000888824 
  1029,0.000888824 
  1030,0.000888824 
  1031,0.000888824 
  1032,0.00088501 
  1033,0.00088501 
  1034,0.00088501 
  1035,0.00088501 
  1036,0.000881195 
  1037,0.000881195 
  1038,0.000881195 
  1039,0.000881195 
  1040,0.000881195 
  1041,0.00087738 
  1042,0.00087738 
  1043,0.00087738 
  1044,0.00087738 
  1045,0.000873566 
  1046,0.000873566 
  1047,0.000873566 
  1048,0.000873566 
  1049,0.000873566 
  1050,0.000869751 
  1051,0.000869751 
  1052,0.000869751 
  1053,0.000869751 
  1054,0.000869751 
  1055,0.000865936 
  1056,0.000865936 
  1057,0.000865936 
  1058,0.000865936 
  1059,0.000862122 
  1060,0.000862122 
  1061,0.000862122 
  1062,0.000862122 
  1063,0.000862122 
  1064,0.000858307 
  1065,0.000858307 
  1066,0.000858307 
  1067,0.000858307 
  1068,0.000858307 
  1069,0.000854492 
  1070,0.000854492 
  1071,0.000854492 
  1072,0.000854492 
  1073,0.000850677 
  1074,0.000850677 
  1075,0.000850677 
  1076,0.000850677 
  1077,0.000850677 
  1078,0.000846863 
  1079,0.000846863 
  1080,0.000846863 
  1081,0.000846863 
  1082,0.000846863 
  1083,0.000843048 
  1084,0.000843048 
  1085,0.0214157 
  1086,0.0144997 
  1087,0.0116806 
  1088,0.0100479 
  1089,0.00894928 
  1090,0.00814819 
  1091,0.0075264 
  1092,0.00703049 
  1093,0.00662231 
  1094,0.00627136 
  1095,0.00597382 
  1096,0.00571442 
  1097,0.00548553 
  1098,0.00528336 
  1099,0.00510025 
  1100,0.00493622 
  1101,0.00478745 
  1102,0.00465012 
  1103,0.00452423 
  1104,0.00440598 
  1105,0.00429916 
  1106,0.00419998 
  1107,0.00410461 
  1108,0.00401688 
  1109,0.00393677 
  1110,0.00385666 
  1111,0.00378418 
  1112,0.00371552 
  1113,0.00364685 
  1114,0.00358582 
  1115,0.00352478 
  1116,0.00347137 
  1117,0.00341415 
  1118,0.00336456 
  1119,0.00331497 
  1120,0.00326538 
  1121,0.0032196 
  1122,0.00317764 
  1123,0.00313568 
  1124,0.00309753 
  1125,0.00305557 
  1126,0.00302124 
  1127,0.00298309 
  1128,0.00294876 
  1129,0.00291443 
  1130,0.0028801 
  1131,0.00284958 
  1132,0.00281906 
  1133,0.00278854 
  1134,0.00276184 
  1135,0.00273514 
  1136,0.00270462 
  1137,0.00267792 
  1138,0.00265503 
  1139,0.00262833 
  1140,0.00260544 
  1141,0.00258255 
  1142,0.00255966 
  1143,0.00253677 
  1144,0.00251389 
  1145,0.00249481 
  1146,0.00247192 
  1147,0.00245285 
  1148,0.00243378 
  1149,0.00241089 
  1150,0.00239563 
  1151,0.00237656 
  1152,0.00235748 
  1153,0.00234222 
  1154,0.00232697 
  1155,0.00231171 
  1156,0.00209808 
  1157,0.00208282 
  1158,0.00207138 
  1159,0.00225449 
  1160,0.00223923 
  1161,0.00203323 
  1162,0.00201797 
  1163,0.00200653 
  1164,0.00199509 
  1165,0.00198364 
  1166,0.0019722 
  1167,0.00196075 
  1168,0.00194931 
  1169,0.00194168 
  1170,0.00193024 
  1171,0.00191879 
  1172,0.00190735 
  1173,0.00189972 
  1174,0.00188828 
  1175,0.00187683 
  1176,0.0018692 
  1177,0.00185776 
  1178,0.00185013 
  1179,0.00183868 
  1180,0.00183105 
  1181,0.00182343 
  1182,0.00181198 
  1183,0.00180435 
  1184,0.00179672 
  1185,0.00178909 
  1186,0.00177765 
  1187,0.00177002 
  1188,0.00176239 
  1189,0.00175476 
  1190,0.00174713 
  1191,0.0017395 
  1192,0.00173187 
  1193,0.00172424 
  1194,0.00171661 
  1195,0.00170898 
  1196,0.00170135 
  1197,0.00185394 
  1198,0.0016861 
  1199,0.00167847 
  1200,0.00167084 
  1201,0.00166321 
  1202,0.00165558 
  1203,0.00165176 
  1204,0.00164413 
  1205,0.00163651 
  1206,0.00162888 
  1207,0.00162506 
  1208,0.00161743 
  1209,0.0016098 
  1210,0.00160599 
  1211,0.00159836 
  1212,0.00159073 
  1213,0.00158691 
  1214,0.00157928 
  1215,0.00172424 
  1216,0.00156784 
  1217,0.00156403 
  1218,0.0015564 
  1219,0.00155258 
  1220,0.00154495 
  1221,0.00154114 
  1222,0.00153351 
  1223,0.00152969 
  1224,0.00152206 
  1225,0.00151825 
  1226,0.00151062 
  1227,0.00150681 
  1228,0.00150299 
  1229,0.00149536 
  1230,0.00149155 
  1231,0.00148773 
  1232,0.0014801 
  1233,0.00147629 
  1234,0.00147247 
  1235,0.00146484 
  1236,0.00146103 
  1237,0.00145721 
  1238,0.0014534 
  1239,0.00144577 
  1240,0.00144196 
  1241,0.00143814 
  1242,0.00143433 
  1243,0.0014267 
  1244,0.00142288 
  1245,0.00141907 
  1246,0.00141525 
  1247,0.00141144 
  1248,0.00140762 
  1249,0.00139999 
  1250,0.00139618 
  1251,0.00139236 
  1252,0.00138855 
  1253,0.00138474 
  1254,0.00151062 
  1255,0.00137711 
  1256,0.00137329 
  1257,0.00136948 
  1258,0.00136566 
  1259,0.00136185 
  1260,0.00135803 
  1261,0.0013504 
  1262,0.00147629 
  1263,0.00134277 
  1264,0.00133896 
  1265,0.00133514 
  1266,0.00133133 
  1267,0.00132751 
  1268,0.0013237 
  1269,0.00131989 
  1270,0.00131989 
  1271,0.00131607 
  1272,0.00131226 
  1273,0.00130844 
  1274,0.00130463 
  1275,0.00130081 
  1276,0.001297 
  1277,0.001297 
  1278,0.00129318 
  1279,0.00128937 
  1280,0.00128555 
  1281,0.00128174 
  1282,0.00128174 
  1283,0.00127792 
  1284,0.00127411 
  1285,0.00127029 
  1286,0.00126648 
  1287,0.00126648 
  1288,0.00126266 
  1289,0.00125885 
  1290,0.00125504 
  1291,0.00125504 
  1292,0.00125122 
  1293,0.00124741 
  1294,0.00124741 
  1295,0.00124359 
  1296,0.00123978 
  1297,0.00123596 
  1298,0.00123596 
  1299,0.00123215 
  1300,0.00122833 
  1301,0.00122833 
  1302,0.00122452 
  1303,0.0012207 
  1304,0.0012207 
  1305,0.00121689 
  1306,0.00121307 
  1307,0.00121307 
  1308,0.00120926 
  1309,0.00120544 
  1310,0.00120544 
  1311,0.00120163 
  1312,0.00119781 
  1313,0.00119781 
  1314,0.001194 
  1315,0.00119019 
  1316,0.00119019 
  1317,0.00118637 
  1318,0.00118256 
  1319,0.00118256 
  1320,0.00117874 
  1321,0.00117874 
  1322,0.00117493 
  1323,0.00117111 
  1324,0.00117111 
  1325,0.0011673 
  1326,0.0011673 
  1327,0.00116348 
  1328,0.00115967 
  1329,0.00115967 
  1330,0.00115585 
  1331,0.00115585 
  1332,0.00115204 
  1333,0.00114822 
  1334,0.00114822 
  1335,0.00114441 
  1336,0.00114441 
  1337,0.00114059 
  1338,0.00114059 
  1339,0.00113678 
  1340,0.00113297 
  1341,0.00113297 
  1342,0.00112915 
  1343,0.00112915 
  1344,0.00112534 
  1345,0.00112534 
  1346,0.00112152 
  1347,0.00112152 
  1348,0.00111771 
  1349,0.00111771 
  1350,0.00111389 
  1351,0.00111008 
  1352,0.00111008 
  1353,0.00110626 
  1354,0.00110626 
  1355,0.00110245 
  1356,0.00110245 
  1357,0.00109863 
  1358,0.00109863 
  1359,0.00109482 
  1360,0.00109482 
  1361,0.001091 
  1362,0.001091 
  1363,0.00108719 
  1364,0.00108719 
  1365,0.00108337 
  1366,0.00108337 
  1367,0.00107956 
  1368,0.00107956 
  1369,0.00107574 
  1370,0.00107574 
  1371,0.00107193 
  1372,0.00107193 
  1373,0.00106812 
  1374,0.00106812 
  1375,0.0010643 
  1376,0.0010643 
  1377,0.00106049 
  1378,0.00106049 
  1379,0.00106049 
  1380,0.00105667 
  1381,0.00105667 
  1382,0.00105286 
  1383,0.00105286 
  1384,0.00104904 
  1385,0.000938416 
  1386,0.000934601 
  1387,0.000934601 
  1388,0.000934601 
  1389,0.000930786 
  1390,0.000930786 
  1391,0.000930786 
  1392,0.000926971 
  1393,0.000926971 
  1394,0.000926971 
  1395,0.000923157 
  1396,0.000923157 
  1397,0.000923157 
  1398,0.000919342 
  1399,0.000919342 
  1400,0.000919342 
  1401,0.000915527 
  1402,0.000915527 
  1403,0.000915527 
  1404,0.000911713 
  1405,0.000911713 
  1406,0.000911713 
  1407,0.000907898 
  1408,0.000907898 
  1409,0.000907898 
  1410,0.000904083 
  1411,0.000904083 
  1412,0.000904083 
  1413,0.000900269 
  1414,0.000900269 
  1415,0.000900269 
  1416,0.000896454 
  1417,0.000896454 
  1418,0.000896454 
  1419,0.000892639 
  1420,0.000892639 
  1421,0.000892639 
  1422,0.000892639 
  1423,0.000888824 
  1424,0.000888824 
  1425,0.000888824 
  1426,0.00088501 
  1427,0.00088501 
  1428,0.00088501 
  1429,0.000881195 
  1430,0.000881195 
  1431,0.000881195 
  1432,0.000881195 
  1433,0.00087738 
  1434,0.00087738 
  1435,0.00087738 
  1436,0.000873566 
  1437,0.000873566 
  1438,0.000873566 
  1439,0.000869751 
  1440,0.000869751 
  1441,0.000869751 
  1442,0.000869751 
  1443,0.000865936 
  1444,0.000865936 
  1445,0.000865936 
  1446,0.000862122 
  1447,0.000862122 
  1448,0.000862122 
  1449,0.000862122 
  1450,0.000858307 
  1451,0.000858307 
  1452,0.000858307 
  1453,0.000858307 
  1454,0.000854492 
  1455,0.000854492 
  1456,0.000854492 
  1457,0.000850677 
  1458,0.000850677 
  1459,0.000736237 
  1460,0.000736237 
  1461,0.000736237 
  1462,0.000732422 
  1463,0.000732422 
  1464,0.000732422 
  1465,0.000732422 
  1466,0.000732422 
  1467,0.000728607 
  1468,0.000728607 
  1469,0.000728607 
  1470,0.000728607 
  1471,0.000728607 
  1472,0.000724792 
  1473,0.000724792 
  1474,0.000724792 
  1475,0.000724792 
  1476,0.000724792 
  1477,0.000720978 
  1478,0.000720978 
  1479,0.000720978 
  1480,0.000720978 
  1481,0.000720978 
  1482,0.000717163 
  1483,0.000717163 
  1484,0.000717163 
  1485,0.000717163 
  1486,0.000717163 
  1487,0.000717163 
  1488,0.000713348 
  1489,0.000713348 
  1490,0.000713348 
  1491,0.000713348 
  1492,0.000713348 
  1493,0.000713348 
  1494,0.000709534 
  1495,0.000709534 
  1496,0.000709534 
  1497,0.000709534 
  1498,0.000709534 
  1499,0.000576019 
  1500,0.000709534 
  1501,0.000705719 
  1502,0.000705719 
  1503,0.000576019 
  1504,0.000705719 
  1505,0.000705719 
  1506,0.000576019 
  1507,0.000701904 
  1508,0.000701904 
  1509,0.000701904 
  1510,0.000701904 
  1511,0.000572205 
  1512,0.000701904 
  1513,0.000701904 
  1514,0.00069809 
  1515,0.00069809 
  1516,0.00069809 
  1517,0.00056839 
  1518,0.00069809 
  1519,0.00069809 
  1520,0.00056839 
  1521,0.000694275 
  1522,0.000694275 
  1523,0.000694275 
  1524,0.000694275 
  1525,0.000694275 
  1526,0.000564575 
  1527,0.00069046 
  1528,0.00069046 
  1529,0.00069046 
  1530,0.00069046 
  1531,0.00069046 
  1532,0.00069046 
  1533,0.00056076 
  1534,0.000686646 
  1535,0.000686646 
  1536,0.000686646 
  1537,0.000686646 
  1538,0.00056076 
  1539,0.000686646 
  1540,0.000686646 
  1541,0.000682831 
  1542,0.000682831 
  1543,0.000556946 
  1544,0.000682831 
  1545,0.000556946 
  1546,0.000682831 
  1547,0.000682831 
  1548,0.000679016 
  1549,0.000679016 
  1550,0.000679016 
  1551,0.000679016 
  1552,0.000679016 
  1553,0.000679016 
  1554,0.000679016 
  1555,0.000675201 
  1556,0.000675201 
  1557,0.000675201 
  1558,0.000675201 
  1559,0.000675201 
  1560,0.000675201 
  1561,0.000549316 
  1562,0.000675201 
  1563,0.000671387 
  1564,0.000671387 
  1565,0.000671387 
  1566,0.000671387 
  1567,0.000545502 
  1568,0.000671387 
  1569,0.000671387 
  1570,0.000667572 
  1571,0.000667572 
  1572,0.000667572 
  1573,0.000667572 
  1574,0.000667572 
  1575,0.000545502 
  1576,0.000667572 
  1577,0.000667572 
  1578,0.000663757 
  1579,0.000663757 
  1580,0.000663757 
  1581,0.000663757 
  1582,0.000663757 
  1583,0.000663757 
  1584,0.000663757 
  1585,0.000541687 
  1586,0.000537872 
  1587,0.000537872 
  1588,0.000537872 
  1589,0.000537872 
  1590,0.000537872 
  1591,0.000537872 
  1592,0.000537872 
  1593,0.000537872 
  1594,0.000537872 
  1595,0.000537872 
  1596,0.000537872 
  1597,0.000534058 
  1598,0.000534058 
  1599,0.000534058 
  1600,0.000534058 
  1601,0.000534058 
  1602,0.000534058 
  1603,0.000534058 
  1604,0.000534058 
  1605,0.000534058 
  1606,0.000534058 
  1607,0.000534058 
  1608,0.000534058 
  1609,0.000530243 
  1610,0.000530243 
  1611,0.000530243 
  1612,0.000530243 
  1613,0.000530243 
  1614,0.000530243 
  1615,0.000530243 
  1616,0.000530243 
  1617,0.000530243 
  1618,0.000530243 
  1619,0.000530243 
  1620,0.000530243 
  1621,0.000526428 
  1622,0.000526428 
  1623,0.000526428 
  1624,0.000526428 
  1625,0.000526428 
  1626,0.000526428 
  1627,0.000526428 
  1628,0.000526428 
  1629,0.000526428 
  1630,0.000526428 
  1631,0.000526428 
  1632,0.000526428 
  1633,0.000522614 
  1634,0.000522614 
  1635,0.000522614 
  1636,0.000522614 
  1637,0.000522614 
  1638,0.000522614 
  1639,0.000522614 
  1640,0.000522614 
  1641,0.000522614 
  1642,0.000522614 
  1643,0.000522614 
  1644,0.000522614 
  1645,0.000518799 
  1646,0.000518799 
  1647,0.000518799 
  1648,0.000518799 
  1649,0.000518799 
  1650,0.000518799 
  1651,0.000518799 
  1652,0.000518799 
  1653,0.000518799 
  1654,0.000518799 
  1655,0.000518799 
  1656,0.000518799 
  1657,0.000518799 
  1658,0.000514984 
  1659,0.000514984 
  1660,0.000514984 
  1661,0.000514984 
  1662,0.000514984 
  1663,0.000514984 
  1664,0.000514984 
  1665,0.000514984 
  1666,0.000514984 
  1667,0.000514984 
  1668,0.000514984 
  1669,0.000514984 
  1670,0.000514984 
  1671,0.000511169 
  1672,0.000511169 
  1673,0.000511169 
  1674,0.000511169 
  1675,0.000511169 
  1676,0.000511169 
  1677,0.000511169 
  1678,0.000511169 
  1679,0.000511169 
  1680,0.000511169 
  1681,0.000511169 
  1682,0.000511169 
  1683,0.000511169 
  1684,0.000507355 
  1685,0.000507355 
  1686,0.000507355 
  1687,0.000507355 
  1688,0.000507355 
  1689,0.000507355 
  1690,0.000507355 
  1691,0.000507355 
  1692,0.000507355 
  1693,0.000507355 
  1694,0.000507355 
  1695,0.000507355 
  1696,0.000507355 
  1697,0.00050354 
  1698,0.00050354 
  1699,0.00050354 
  1700,0.00050354 
  1701,0.00050354 
  1702,0.00050354 
  1703,0.00050354 
  1704,0.00050354 
  1705,0.00050354 
  1706,0.00050354 
  1707,0.00050354 
  1708,0.00050354 
  1709,0.00050354 
  1710,0.000499725 
  1711,0.000499725 
  1712,0.000499725 
  1713,0.000499725 
  1714,0.000499725 
  1715,0.000499725 
  1716,0.000499725 
  1717,0.000499725 
  1718,0.000499725 
  1719,0.000499725 
  1720,0.000499725 
  1721,0.000499725 
  1722,0.000499725 
  1723,0.000499725 
  1724,0.000495911 
  1725,0.000495911 
  1726,0.000495911 
  1727,0.000495911 
  1728,0.000495911 
  1729,0.000495911 
  1730,0.000495911 
  1731,0.000495911 
  1732,0.000495911 
  1733,0.000495911 
  1734,0.000495911 
  1735,0.000495911 
  1736,0.000495911 
  1737,0.000495911 
  1738,0.000492096 
  1739,0.000492096 
  1740,0.000492096 
  1741,0.000492096 
  1742,0.000492096 
  1743,0.000492096 
  1744,0.000492096 
  1745,0.000492096 
  1746,0.000492096 
  1747,0.000492096 
  1748,0.000492096 
  1749,0.000492096 
  1750,0.000492096 
  1751,0.000492096 
  1752,0.000488281 
  1753,0.000488281 
  1754,0.000488281 
  1755,0.000488281 
  1756,0.000488281 
  1757,0.000488281 
  1758,0.000488281 
  1759,0.000488281 
  1760,0.000488281 
  1761,0.000488281 
  1762,0.000488281 
  1763,0.000488281 
  1764,0.000488281 
  1765,0.000488281 
  1766,0.0177193 
  1767,0.0113869 
  1768,0.00902176 
  1769,0.00770187 
  1770,0.00683212 
  1771,0.00619888 
  1772,0.00571442 
  1773,0.00532913 
  1774,0.00501251 
  1775,0.00474548 
  1776,0.0045166 
  1777,0.00431824 
  1778,0.00414276 
  1779,0.00399017 
  1780,0.00384903 
  1781,0.00372696 
  1782,0.00361252 
  1783,0.00350952 
  1784,0.00341034 
  1785,0.0033226 
  1786,0.00324249 
  1787,0.0031662 
  1788,0.00309372 
  1789,0.00302887 
  1790,0.00296402 
  1791,0.0029068 
  1792,0.00285339 
  1793,0.00279999 
  1794,0.0027504 
  1795,0.00270462 
  1796,0.00265884 
  1797,0.00261688 
  1798,0.00257492 
  1799,0.00253677 
  1800,0.00249863 
  1801,0.00246429 
  1802,0.00242996 
  1803,0.00239563 
  1804,0.00236511 
  1805,0.00233459 
  1806,0.00230789 
  1807,0.00227737 
  1808,0.00225067 
  1809,0.00222397 
  1810,0.00220108 
  1811,0.00217438 
  1812,0.00215149 
  1813,0.0021286 
  1814,0.00210571 
  1815,0.00208664 
  1816,0.00206375 
  1817,0.00204468 
  1818,0.0020256 
  1819,0.00200272 
  1820,0.00198746 
  1821,0.00196838 
  1822,0.00195312 
  1823,0.00193787 
  1824,0.00192261 
  1825,0.00190735 
  1826,0.00189209 
  1827,0.00187683 
  1828,0.00186539 
  1829,0.00185013 
  1830,0.00183868 
  1831,0.00182343 
  1832,0.00181198 
  1833,0.00180054 
  1834,0.00178909 
  1835,0.00177765 
  1836,0.0017662 
  1837,0.00123978 
  1838,0.00174332 
  1839,0.00173187 
  1840,0.00172043 
  1841,0.00120926 
  1842,0.00170135 
  1843,0.00168991 
  1844,0.00168228 
  1845,0.00167084 
  1846,0.00166321 
  1847,0.00165176 
  1848,0.00164413 
  1849,0.00115585 
  1850,0.00162506 
  1851,0.00161743 
  1852,0.00113678 
  1853,0.00113297 
  1854,0.00159073 
  1855,0.0015831 
  1856,0.00157547 
  1857,0.00156784 
  1858,0.00156021 
  1859,0.00109863 
  1860,0.001091 
  1861,0.00108719 
  1862,0.00152969 
  1863,0.00152206 
  1864,0.00151443 
  1865,0.00106812 
  1866,0.00150299 
  1867,0.00149536 
  1868,0.00148773 
  1869,0.00148392 
  1870,0.00147629 
  1871,0.00146866 
  1872,0.00146103 
  1873,0.00145721 
  1874,0.00144958 
  1875,0.00144196 
  1876,0.00143814 
  1877,0.00143051 
  1878,0.0014267 
  1879,0.00141907 
  1880,0.000999451 
  1881,0.000995636 
  1882,0.000991821 
  1883,0.000988007 
  1884,0.000984192 
  1885,0.000980377 
  1886,0.000976562 
  1887,0.000972748 
  1888,0.000968933 
  1889,0.000968933 
  1890,0.000965118 
  1891,0.000961304 
  1892,0.000957489 
  1893,0.000953674 
  1894,0.00094986 
  1895,0.000946045 
  1896,0.000946045 
  1897,0.00094223 
  1898,0.000938416 
  1899,0.000934601 
  1900,0.000930786 
  1901,0.000930786 
  1902,0.000926971 
  1903,0.000923157 
  1904,0.000919342 
  1905,0.000919342 
  1906,0.000915527 
  1907,0.000911713 
  1908,0.000907898 
  1909,0.000907898 
  1910,0.000904083 
  1911,0.000900269 
  1912,0.000900269 
  1913,0.000896454 
  1914,0.000892639 
  1915,0.000888824 
  1916,0.000888824 
  1917,0.00088501 
  1918,0.000881195 
  1919,0.000881195 
  1920,0.00087738 
  1921,0.000873566 
  1922,0.000873566 
  1923,0.000869751 
  1924,0.000865936 
  1925,0.000865936 
  1926,0.000862122 
  1927,0.000862122 
  1928,0.000858307 
  1929,0.000854492 
  1930,0.000854492 
  1931,0.000850677 
  1932,0.000846863 
  1933,0.000846863 
  1934,0.000843048 
  1935,0.000843048 
  1936,0.000839233 
  1937,0.000839233 
  1938,0.000835419 
  1939,0.000831604 
  1940,0.000831604 
  1941,0.000827789 
  1942,0.000827789 
  1943,0.000823975 
  1944,0.000823975 
  1945,0.00082016 
  1946,0.00082016 
  1947,0.000816345 
  1948,0.000812531 
  1949,0.000812531 
  1950,0.000808716 
  1951,0.000808716 
  1952,0.000804901 
  1953,0.000804901 
  1954,0.000801086 
  1955,0.000801086 
  1956,0.000797272 
  1957,0.000797272 
  1958,0.000793457 
  1959,0.000793457 
  1960,0.000789642 
  1961,0.000789642 
  1962,0.000785828 
  1963,0.000785828 
  1964,0.000782013 
  1965,0.000782013 
  1966,0.000778198 
  1967,0.000778198 
  1968,0.000774384 
  1969,0.000774384 
  1970,0.000774384 
  1971,0.000770569 
  1972,0.000770569 
  1973,0.000766754 
  1974,0.000766754 
  1975,0.000762939 
  1976,0.000762939 
  1977,0.000759125 
  1978,0.000759125 
  1979,0.000759125 
  1980,0.00075531 
  1981,0.00075531 
  1982,0.000751495 
  1983,0.000751495 
  1984,0.000747681 
  1985,0.000747681 
  1986,0.000747681 
  1987,0.000743866 
  1988,0.000743866 
  1989,0.000740051 
  1990,0.000740051 
  1991,0.000736237 
  1992,0.000736237 
  1993,0.000736237 
  1994,0.000732422 
  1995,0.000732422 
  1996,0.000728607 
  1997,0.000728607 
  1998,0.000728607 
  1999,0.000724792 
  2000,0.000724792 
  2001,0.000724792 
  2002,0.000720978 
  2003,0.000720978 
  2004,0.000717163 
  2005,0.000717163 
  2006,0.000717163 
  2007,0.000713348 
  2008,0.000713348 
  2009,0.000713348 
  2010,0.000709534 
  2011,0.000709534 
  2012,0.000705719 
  2013,0.000705719 
  2014,0.000705719 
  2015,0.000701904 
  2016,0.000701904 
  2017,0.000701904 
  2018,0.00069809 
  2019,0.00069809 
  2020,0.00069809 
  2021,0.000694275 
  2022,0.000694275 
  2023,0.000694275 
  2024,0.00069046 
  2025,0.00069046 
  2026,0.00069046 
  2027,0.000686646 
  2028,0.000686646 
  2029,0.000686646 
  2030,0.000682831 
  2031,0.000682831 
  2032,0.000682831 
  2033,0.000679016 
  2034,0.000679016 
  2035,0.000679016 
  2036,0.000675201 
  2037,0.000675201 
  2038,0.000675201 
  2039,0.000671387 
  2040,0.000671387 
  2041,0.000671387 
  2042,0.000667572 
  2043,0.000667572 
  2044,0.000667572 
  2045,0.000663757 
  2046,0.000663757 
  2047,0.000663757 
  2048,0.000663757 
  2049,0.000659943 
  2050,0.000659943 
  2051,0.000659943 
  2052,0.000656128 
  2053,0.000656128 
  2054,0.000656128 
  2055,0.000656128 
  2056,0.000652313 
  2057,0.000652313 
  2058,0.000652313 
  2059,0.000648499 
  2060,0.000648499 
  2061,0.000648499 
  2062,0.000648499 
  2063,0.000644684 
  2064,0.000644684 
  2065,0.000644684 
  2066,0.000640869 
  2067,0.000640869 
  2068,0.000640869 
  2069,0.000640869 
  2070,0.000637054 
  2071,0.000637054 
  2072,0.000637054 
  2073,0.00063324 
  2074,0.00063324 
  2075,0.00063324 
  2076,0.00063324 
  2077,0.000629425 
  2078,0.000629425 
  2079,0.000629425 
  2080,0.000629425 
  2081,0.00062561 
  2082,0.00062561 
  2083,0.00062561 
  2084,0.00062561 
  2085,0.000621796 
  2086,0.000621796 
  2087,0.000621796 
  2088,0.000621796 
  2089,0.000617981 
  2090,0.000617981 
  2091,0.000617981 
  2092,0.000617981 
  2093,0.000614166 
  2094,0.000614166 
  2095,0.000614166 
  2096,0.000614166 
  2097,0.000610352 
  2098,0.000610352 
  2099,0.000610352 
  2100,0.000610352 
  2101,0.000606537 
  2102,0.000606537 
  2103,0.000606537 
  2104,0.000606537 
  2105,0.000602722 
  2106,0.000602722 
  2107,0.000602722 
  2108,0.000602722 
  2109,0.000602722 
  2110,0.000598907 
  2111,0.000598907 
  2112,0.000598907 
  2113,0.000598907 
  2114,0.000595093 
  2115,0.000595093 
  2116,0.000595093 
  2117,0.000595093 
  2118,0.000591278 
  2119,0.000591278 
  2120,0.000591278 
  2121,0.000591278 
  2122,0.000591278 
  2123,0.000587463 
  2124,0.000587463 
  2125,0.000587463 
  2126,0.000587463 
  2127,0.000583649 
  2128,0.000583649 
  2129,0.000583649 
  2130,0.000583649 
  2131,0.000583649 
  2132,0.000579834 
  2133,0.000579834 
  2134,0.000579834 
  2135,0.000579834 
  2136,0.000579834 
  2137,0.000576019 
  2138,0.000576019 
  2139,0.000576019 
  2140,0.000576019 
  2141,0.000576019 
  2142,0.000572205 
  2143,0.000572205 
  2144,0.000572205 
  2145,0.000572205 
  2146,0.000572205 
  2147,0.00056839 
  2148,0.00056839 
  2149,0.00056839 
  2150,0.00056839 
  2151,0.00056839 
  2152,0.000564575 
  2153,0.000564575 
  2154,0.000564575 
  2155,0.000564575 
  2156,0.000564575 
  2157,0.00056076 
  2158,0.00056076 
  2159,0.00056076 
  2160,0.00056076 
  2161,0.00056076 
  2162,0.000556946 
  2163,0.000556946 
  2164,0.000556946 
  2165,0.000556946 
  2166,0.000556946 
  2167,0.000553131 
  2168,0.000553131 
  2169,0.000553131 
  2170,0.000553131 
  2171,0.000553131 
  2172,0.000553131 
  2173,0.000549316 
  2174,0.000549316 
  2175,0.000549316 
  2176,0.000549316 
  2177,0.000549316 
  2178,0.000549316 
  2179,0.000545502 
  2180,0.000545502 
  2181,0.000545502 
  2182,0.000545502 
  2183,0.000545502 
  2184,0.000545502 
  2185,0.000541687 
  2186,0.000541687 
  2187,0.000541687 
  2188,0.000541687 
  2189,0.000541687 
  2190,0.000541687 
  2191,0.000537872 
  2192,0.000537872 
  2193,0.000537872 
  2194,0.000537872 
  2195,0.000537872 
  2196,0.000537872 
  2197,0.000534058 
  2198,0.000534058 
  2199,0.000534058 
  2200,0.000534058 
  2201,0.000534058 
  2202,0.000534058 
  2203,0.000530243 
  2204,0.000530243 
  2205,0.000530243 
  2206,0.000530243 
  2207,0.000530243 
  2208,0.000530243 
  2209,0.000530243 
  2210,0.000526428 
  2211,0.000526428 
  2212,0.000526428 
  2213,0.000526428 
  2214,0.000526428 
  2215,0.000526428 
  2216,0.000522614 
  2217,0.000522614 
  2218,0.000522614 
  2219,0.000522614 
  2220,0.000522614 
  2221,0.000522614 
  2222,0.000522614 
  2223,0.000518799 
  2224,0.000518799 
  2225,0.000518799 
  2226,0.000518799 
  2227,0.000518799 
  2228,0.000518799 
  2229,0.000518799 
  2230,0.000514984 
  2231,0.000514984 
  2232,0.000514984 
  2233,0.000514984 
  2234,0.000514984 
  2235,0.000514984 
  2236,0.000514984 
  2237,0.000511169 
  2238,0.000511169 
  2239,0.000511169 
  2240,0.000511169 
  2241,0.000511169 
  2242,0.000511169 
  2243,0.000511169 
  2244,0.000507355 
  2245,0.000507355 
  2246,0.000507355 
  2247,0.000507355 
  2248,0.000507355 
  2249,0.000507355 
  2250,0.000507355 
  2251,0.00050354 
  2252,0.00050354 
  2253,0.00050354 
  2254,0.00050354 
  2255,0.00050354 
  2256,0.00050354 
  2257,0.00050354 
  2258,0.000499725 
  2259,0.000499725 
  2260,0.000499725 
  2261,0.000499725 
  2262,0.000499725 
  2263,0.000499725 
  2264,0.000499725 
  2265,0.000499725 
  2266,0.000495911 
  2267,0.000495911 
  2268,0.000495911 
  2269,0.000495911 
  2270,0.000495911 
  2271,0.000495911 
  2272,0.000495911 
  2273,0.000492096 
  2274,0.000492096 
  2275,0.000492096 
  2276,0.000492096 
  2277,0.000492096 
  2278,0.000492096 
  2279,0.000492096 
  2280,0.000492096 
  2281,0.000488281 
  2282,0.000488281 
  2283,0.000488281 
  2284,0.000488281 
  2285,0.000488281 
  2286,0.000488281 
  2287,0.000488281 
  2288,0.000488281 
  2289,0.000484467 
  2290,0.000484467 
  2291,0.000484467 
  2292,0.000484467 
  2293,0.000484467 
  2294,0.000484467 
  2295,0.000484467 
  2296,0.000484467 
  2297,0.000480652 
  2298,0.000480652 
  2299,0.000480652 
  2300,0.000480652 
  2301,0.000480652 
  2302,0.000480652 
  2303,0.000480652 
  2304,0.000480652 
  2305,0.000476837 
  2306,0.000476837 
  2307,0.000476837 
  2308,0.000476837 
  2309,0.000476837 
  2310,0.000476837 
  2311,0.000476837 
  2312,0.000476837 
  2313,0.000476837 
  2314,0.000473022 
  2315,0.000473022 
  2316,0.000473022 
  2317,0.000473022 
  2318,0.000473022 
  2319,0.000473022 
  2320,0.000473022 
  2321,0.000473022 
  2322,0.000469208 
  2323,0.000469208 
  2324,0.000469208 
  2325,0.000469208 
  2326,0.000469208 
  2327,0.000469208 
  2328,0.000469208 
  2329,0.000469208 
  2330,0.000469208 
  2331,0.000465393 
  2332,0.000465393 
  2333,0.000465393 
  2334,0.000465393 
  2335,0.000465393 
  2336,0.000465393 
  2337,0.000465393 
  2338,0.000465393 
  2339,0.000465393 
  2340,0.000461578 
  2341,0.000461578 
  2342,0.000461578 
  2343,0.000461578 
  2344,0.000461578 
  2345,0.000461578 
  2346,0.000461578 
  2347,0.000461578 
  2348,0.000461578 
  2349,0.000457764 
  2350,0.000457764 
  2351,0.000457764 
  2352,0.000457764 
  2353,0.000457764 
  2354,0.000457764 
  2355,0.000457764 
  2356,0.000457764 
  2357,0.000457764 
  2358,0.000457764 
  2359,0.000453949 
  2360,0.000453949 
  2361,0.000453949 
  2362,0.000453949 
  2363,0.000453949 
  2364,0.000453949 
  2365,0.000453949 
  2366,0.000453949 
  2367,0.000453949 
  2368,0.000450134 
  2369,0.000450134 
  2370,0.000450134 
  2371,0.000450134 
  2372,0.000450134 
  2373,0.000450134 
  2374,0.000450134 
  2375,0.000450134 
  2376,0.000450134 
  2377,0.000450134 
  2378,0.00044632 
  2379,0.00044632 
  2380,0.00044632 
  2381,0.00044632 
  2382,0.00044632 
  2383,0.00044632 
  2384,0.00044632 
  2385,0.00044632 
  2386,0.00044632 
  2387,0.00044632 
  2388,0.00044632 
  2389,0.000442505 
  2390,0.000442505 
  2391,0.000442505 
  2392,0.000442505 
  2393,0.000442505 
  2394,0.000442505 
  2395,0.000442505 
  2396,0.000442505 
  2397,0.000442505 
  2398,0.000442505 
  2399,0.000442505 
  2400,0.00043869 
  2401,0.00043869 
  2402,0.00043869 
  2403,0.00043869 
  2404,0.00043869 
  2405,0.00043869 
  2406,0.00043869 
  2407,0.00043869 
  2408,0.00043869 
  2409,0.00043869 
  2410,0.00043869 
  2411,0.000434875 
  2412,0.000434875 
  2413,0.000434875 
  2414,0.000434875 
  2415,0.000434875 
  2416,0.000434875 
  2417,0.000434875 
  2418,0.000434875 
  2419,0.000434875 
  2420,0.000434875 
  2421,0.000434875 
  2422,0.000431061 
  2423,0.000431061 
  2424,0.000431061 
  2425,0.000431061 
  2426,0.000431061 
  2427,0.000431061 
  2428,0.000431061 
  2429,0.000431061 
  2430,0.000431061 
  2431,0.000431061 
  2432,0.000431061 
  2433,0.000431061 
  2434,0.000431061 
  2435,0.000431061 
  2436,0.000427246 
  2437,0.000427246 
  2438,0.000427246 
  2439,0.000427246 
  2440,0.000427246 
  2441,0.000427246 
  2442,0.000427246 
  2443,0.000427246 
  2444,0.000427246 
  2445,0.000427246 
  2446,0.000427246 
  2447,0.000427246 
  2448,0.000427246 
  2449,0.000423431 
  2450,0.000423431 
  2451,0.000423431 
  2452,0.000423431 
  2453,0.000423431 
  2454,0.000423431 
  2455,0.000423431 
  2456,0.000423431 
  2457,0.000423431 
  2458,0.000423431 
  2459,0.000423431 
  2460,0.000423431 
  2461,0.000423431 
  2462,0.000423431 
  2463,0.000419617 
  2464,0.000419617 
  2465,0.000419617 
  2466,0.000419617 
  2467,0.000419617 
  2468,0.000419617 
  2469,0.000419617 
  2470,0.000419617 
  2471,0.000419617 
  2472,0.000419617 
  2473,0.000419617 
  2474,0.000419617 
  2475,0.000419617 
  2476,0.000419617 
  2477,0.000415802 
  2478,0.000415802 
  2479,0.000415802 
  2480,0.000415802 
  2481,0.000415802 
  2482,0.000415802 
  2483,0.000415802 
  2484,0.000415802 
  2485,0.000415802 
  2486,0.000415802 
  2487,0.000415802 
  2488,0.000415802 
  2489,0.000415802 
  2490,0.000415802 
  2491,0.000415802 
  2492,0.000411987 
  2493,0.000411987 
  2494,0.000411987 
  2495,0.000411987 
  2496,0.000411987 
  2497,0.000411987 
  2498,0.000411987 
  2499,0.000411987 
  2500,0.000411987 
  2501,0.000411987 
  2502,0.000411987 
  2503,0.000411987 
  2504,0.000411987 
  2505,0.000411987 
  2506,0.000411987 
  2507,0.000408173 
  2508,0.000408173 
  2509,0.000408173 
  2510,0.000408173 
  2511,0.000408173 
  2512,0.000408173 
  2513,0.000408173 
  2514,0.000408173 
  2515,0.000408173 
  2516,0.000408173 
  2517,0.000408173 
  2518,0.000408173 
  2519,0.000408173 
  2520,0.000408173 
  2521,0.000408173 
  2522,0.000404358 
  2523,0.000404358 
  2524,0.000404358 
  2525,0.000404358 
  2526,0.000404358 
  2527,0.000404358 
  2528,0.000404358 
  2529,0.000404358 
  2530,0.000404358 
  2531,0.000404358 
  2532,0.000404358 
  2533,0.000404358 
  2534,0.000404358 
  2535,0.000404358 
  2536,0.000404358 
  2537,0.000400543 
  2538,0.000400543 
  2539,0.000400543 
  2540,0.000400543 
  2541,0.000400543 
  2542,0.000400543 
  2543,0.000400543 
  2544,0.000400543 
  2545,0.000400543 
  2546,0.000400543 
  2547,0.000400543 
  2548,0.000400543 
  2549,0.000400543 
  2550,0.000400543 
  2551,0.000400543 
  2552,0.000400543 
  2553,0.000396729 
  2554,0.000396729 
  2555,0.000396729 
  2556,0.000396729 
  2557,0.000396729 
  2558,0.000396729 
  2559,0.000396729 
  2560,0.000396729 
  2561,0.000396729 
  2562,0.000396729 
  2563,0.000396729 
  2564,0.000396729 
  2565,0.000396729 
  2566,0.000396729 
  2567,0.000396729 
  2568,0.000396729 
  2569,0.000396729 
  2570,0.000392914 
  2571,0.000392914 
  2572,0.000392914 
  2573,0.000392914 
  2574,0.000392914 
  2575,0.000392914 
  2576,0.000392914 
  2577,0.000392914 
  2578,0.000392914 
  2579,0.000392914 
  2580,0.000392914 
  2581,0.000392914 
  2582,0.000392914 
  2583,0.000392914 
  2584,0.000392914 
  2585,0.000392914 
  2586,0.000389099 
  2587,0.000389099 
  2588,0.000389099 
  2589,0.000389099 
  2590,0.000389099 
  2591,0.000389099 
  2592,0.000389099 
  2593,0.000389099 
  2594,0.000389099 
  2595,0.000389099 
  2596,0.000389099 
  2597,0.000389099 
  2598,0.000389099 
  2599,0.000389099 
  2600,0.000389099 
  2601,0.000389099 
  2602,0.000389099 
  2603,0.000389099 
  2604,0.000385284 
  2605,0.000385284 
  2606,0.000385284 
  2607,0.000385284 
  2608,0.000385284 
  2609,0.000385284 
  2610,0.000385284 
  2611,0.000385284 
  2612,0.000385284 
  2613,0.000385284 
  2614,0.000385284 
  2615,0.000385284 
  2616,0.000385284 
  2617,0.000385284 
  2618,0.000385284 
  2619,0.000385284 
  2620,0.000385284 
  2621,0.000385284 
  2622,0.000385284 
  2623,0.00038147 
  2624,0.00038147 
  2625,0.00038147 
  2626,0.00038147 
  2627,0.00038147 
  2628,0.00038147 
  2629,0.00038147 
  2630,0.00038147 
  2631,0.00038147 
  2632,0.00038147 
  2633,0.00038147 
  2634,0.00038147 
